1 0.46384375 0.42281944444444447 0.010828124999999921 0.014263888888888864
1 0.4834921875 0.43280555555555555 0.009226562499999957 0.0185416666666667
1 0.48328906250000003 0.4481388888888889 0.011226562499999915 0.012125000000000025
1 0.5635078124999999 0.5065972222222223 0.007218750000000007 0.014972222222222184
1 0.5899765625 0.47665277777777776 0.01283593750000005 0.017819444444444502
1 0.616046875 0.4492083333333333 0.01283593750000005 0.015680555555555507
1 0.6375078125 0.5739861111111111 0.0076171875 0.01711111111111118
0 0.54125 0.3746944444444444 0.026875000000000072 0.11622222222222231
0 0.5067578125 0.4235277777777778 0.011632812500000079 0.022819444444444375
0 0.626875 0.4203194444444444 0.010429687499999929 0.02780555555555553
0 0.6178515625000001 0.43387499999999996 0.010023437499999944 0.016402777777777704
0 0.6048203125 0.5030277777777777 0.012031250000000071 0.020680555555555535
0 0.5402421875 0.4955416666666667 0.00962499999999995 0.014263888888888864
0 0.523203125 0.49269444444444443 0.010828124999999921 0.012833333333333346
0 0.6395078125 0.6345833333333333 0.009226562499999957 0.01995833333333334
0 0.6220625 0.5618611111111111 0.010429687499999929 0.024236111111111173
0 0.6116328125 0.5151527777777778 0.01283593750000005 0.013541666666666667
0 0.57875 0.46525000000000005 0.011226562499999915 0.02495833333333337
3 0.48228906250000003 0.4581111111111111 0.014039062500000022 0.017819444444444502
2 0.39846875 0.44206944444444446 0.013234375000000043 0.01711111111111118
2 0.4570234375 0.43850000000000006 0.0076171875 0.014263888888888864
2 0.48690625 0.4178333333333333 0.008820312499999972 0.012833333333333346
2 0.5480625 0.5344027777777778 0.014835937500000007 0.020680555555555535
2 0.5598984375 0.6527638888888889 0.011226562499999915 0.01925000000000002
2 0.5641093749999999 0.4948333333333333 0.008421874999999978 0.009986111111111187
2 0.567515625 0.4702361111111111 0.005617187500000042 0.014972222222222184
2 0.6082265625 0.48093055555555553 0.009226562499999957 0.017819444444444502
2 0.6387109375 0.45776388888888886 0.006820312500000014 0.012833333333333346
3 0.62828125 0.4812916666666666 0.016445312499999965 0.021388888888888857
1 0.6154453125 0.7044583333333332 0.018046874999999928 0.024236111111111173