0 0.5693359375 0.5835555555555556 0.03474218750000002 0.04334722222222227
0 0.396828125 0.34975 0.009140625000000036 0.05905555555555553
0 0.39621875 0.40231944444444445 0.008531249999999968 0.017875000000000005
0 0.459609375 0.3578888888888889 0.006093749999999965 0.02655555555555556
0 0.5205703125000001 0.3711527777777778 0.0073124999999999215 0.019499999999999948
0 0.5568359375 0.4066527777777778 0.01218749999999993 0.031972222222222194
0 0.5050234375 0.39987500000000004 0.005484374999999986 0.01516666666666661
0 0.5068515625 0.382 0.0067031249999999435 0.011916666666666723
0 0.49009375000000005 0.3446111111111111 0.004875000000000007 0.007583333333333305
0 0.47210937499999994 0.42615277777777777 0.004265625000000028 0.017875000000000005
0 0.474390625 0.38254166666666667 0.006398437500000043 0.018416666666666654
0 0.45229687500000004 0.36519444444444443 0.0073124999999999215 0.009749999999999974
0 0.4317265625 0.3847083333333333 0.007007812500000021 0.011916666666666723
0 0.4493984375 0.3947222222222222 0.005789062500000064 0.010291666666666623
0 0.45549999999999996 0.3971666666666666 0.005789062500000064 0.007583333333333384
0 0.4105390625 0.4039444444444444 0.005484374999999986 0.014624999999999963
0 0.4952734375 0.4386111111111111 0.004875000000000007 0.014624999999999963
0 0.51096875 0.5123055555555556 0.016765625000000027 0.02112500000000005
3 0.50975 0.46272222222222226 0.013109374999999979 0.019499999999999948
3 0.5143203125 0.3890416666666667 0.009445312499999936 0.013000000000000018
3 0.4964921875 0.41748611111111106 0.014023437500000036 0.018958333333333303
3 0.4623515625 0.38525 0.010359374999999994 0.00866666666666668
1 0.547390625 0.3974305555555555 0.010359374999999994 0.02112500000000005
1 0.40978125 0.5572777777777778 0.025906250000000065 0.03955555555555558
1 0.4641640625 0.44320833333333337 0.008187500000000014 0.015416666666666698
1 0.5148671874999999 0.42308333333333337 0.010359374999999994 0.017125000000000057
1 0.42610937499999996 0.4034861111111111 0.005984375000000064 0.008444444444444501
1 0.47609375 0.3934722222222222 0.010210937499999951 0.010944444444444439
1 0.48796875 0.3505972222222222 0.005804687500000049 0.007819444444444438
2 0.4395703125 0.44352777777777774 0.007570312500000042 0.010319444444444374
2 0.422765625 0.4139583333333334 0.004226562500000064 0.006888888888888939
2 0.42478906250000004 0.3897083333333333 0.0051015624999999785 0.007194444444444375
2 0.4821640625 0.3445 0.0043984375000000854 0.008763888888888892
2 0.466671875 0.37422222222222223 0.006156250000000085 0.011263888888888908
2 0.48189843750000005 0.36233333333333334 0.007039062499999993 0.008763888888888812
2 0.4967734375 0.3940972222222222 0.006156250000000085 0.009694444444444469
2 0.5258984375 0.38486111111111115 0.01196874999999995 0.011888888888888813
2 0.5378671875000001 0.3822083333333333 0.0014062499999999644 0.004069444444444375
2 0.54015625 0.38486111111111115 0.004578124999999922 0.003125
2 0.48726562500000004 0.40191666666666664 0.0043984375000000854 0.00656944444444447
1 0.46957812499999996 0.4105138888888889 0.004226562500000064 0.01001388888888894
1 0.43833593750000005 0.38798611111111114 0.0051015624999999785 0.008763888888888812
0 0.4636796875 0.41161111111111115 0.006156250000000085 0.009694444444444469
2 0.45171875000000006 0.3865833333333333 0.005804687500000049 0.007194444444444375
1 0.45382812499999997 0.373125 0.007921875000000078 0.009069444444444406
2 0.5212343749999999 0.3978472222222222 0.005453125000000014 0.005944444444444407
0 0.504078125 0.3715694444444444 0.012320312499999986 0.014708333333333377