1 0.467171875 0.6392361111111111 0.03474218750000002 0.05454166666666664
1 0.5113828125000001 0.472 0.014890624999999958 0.03127777777777775
1 0.572734375 0.3841805555555556 0.009476562500000086 0.01763888888888895
1 0.6232656249999999 0.4266944444444445 0.017593749999999984 0.033680555555555554
1 0.6171796875 0.5020833333333333 0.0189453125 0.030472222222222296
0 0.41370312499999995 0.4278888888888889 0.0451171875 0.19169444444444442
0 0.45317968750000004 0.4278888888888889 0.014890624999999958 0.018444444444444406
0 0.539578125 0.5100972222222222 0.009921875000000035 0.027263888888888883
0 0.6007109374999999 0.4599722222222222 0.0130859375 0.028069444444444494
0 0.5980000000000001 0.43311111111111106 0.009476562500000086 0.022458333333333278
0 0.5449921875 0.40904166666666664 0.009023437499999964 0.030472222222222296
0 0.5605546875 0.3805694444444444 0.004960937499999929 0.013638888888888959
0 0.626421875 0.5485972222222222 0.01850000000000005 0.03850000000000004
3 0.6013828125 0.5213333333333333 0.020749999999999956 0.03850000000000004
3 0.5813125 0.45195833333333335 0.01850000000000005 0.021652777777777823
2 0.556046875 0.49566666666666664 0.014890624999999958 0.02887499999999995
2 0.4854375 0.43912500000000004 0.02435937500000005 0.026472222222222147
2 0.4964921875 0.48162499999999997 0.0130859375 0.02968055555555556
2 0.559203125 0.3922083333333333 0.011281250000000043 0.01925000000000002