1 0.45707812499999995 0.46518055555555554 0.030429687500000035 0.044513888888888825
1 0.5568203125 0.5805694444444445 0.03350781250000008 0.0720833333333333
1 0.5786171875 0.4276111111111111 0.00857031250000002 0.01455555555555558
1 0.5785234375 0.4790416666666667 0.011421874999999915 0.015236111111111148
1 0.6295390624999999 0.4893611111111111 0.0072343749999999925 0.009472222222222292
1 0.636390625 0.3959583333333333 0.010281250000000065 0.019624999999999993
1 0.6097421875 0.4030694444444444 0.004953124999999936 0.006763888888888895
1 0.571578125 0.3839444444444444 0.003999999999999915 0.009819444444444514
1 0.55225 0.3697361111111111 0.0022812500000000567 0.0071111111111111175
1 0.5495859375000001 0.39393055555555556 0.005710937499999957 0.013541666666666667
1 0.604890625 0.3595833333333333 0.004757812499999936 0.00643055555555555
1 0.5401640624999999 0.43470833333333336 0.00857031250000002 0.013194444444444444
3 0.5179843749999999 0.49663888888888885 0.015609375000000014 0.02538888888888885
3 0.6107890625 0.5042638888888888 0.00857031250000002 0.017597222222222167
3 0.6059375 0.3917361111111111 0.006851562499999986 0.010486111111111049
3 0.5983203125000001 0.4003611111111111 0.0072343749999999925 0.008125000000000032
1 0.5191250000000001 0.42912500000000003 0.007992187500000015 0.014888888888888927
2 0.48962500000000003 0.5100138888888889 0.02056249999999995 0.03587500000000006
2 0.5098984375 0.47312499999999996 0.00971093750000005 0.014888888888888927
2 0.5476796875 0.4773472222222222 0.011039062500000085 0.019972222222222218
2 0.5932734375 0.44130555555555556 0.0070468749999999854 0.01083333333333327
2 0.6305859375 0.5446944444444445 0.012757812499999943 0.023347222222222148
2 0.5848046874999999 0.39240277777777777 0.0030468750000000712 0.00777777777777781
2 0.6193593749999999 0.40797222222222224 0.003999999999999915 0.011847222222222184
2 0.5972734375 0.35873611111111114 0.0058984374999999645 0.0060972222222222035
2 0.5639609375 0.37345833333333334 0.007804687500000007 0.009819444444444514
2 0.5657656249999999 0.3834444444444444 0.003804687499999915 0.0060972222222222035
2 0.6126953125 0.4127083333333333 0.003617187500000085 0.00777777777777781
2 0.634296875 0.47988888888888886 0.00532812499999995 0.010152777777777702
2 0.6152656249999999 0.46111111111111114 0.0030468750000000712 0.00643055555555555
2 0.6182109375 0.49562500000000004 0.0058984374999999645 0.012527777777777752
0 0.5331171875 0.4553611111111111 0.00857031250000002 0.021319444444444478
0 0.4603984375 0.4267638888888889 0.014281249999999978 0.03384722222222223
0 0.49837499999999996 0.55925 0.024367187500000043 0.060583333333333336
0 0.5050390625000001 0.38175000000000003 0.012562499999999944 0.006763888888888895
0 0.5235078125 0.3908888888888889 0.006093749999999965 0.008125000000000032
0 0.5255078125 0.40408333333333335 0.006664062499999979 0.0088055555555556
0 0.555390625 0.42304166666666665 0.003617187500000085 0.007444444444444464
0 0.5836640625 0.4409722222222222 0.0076171875 0.01420833333333336
0 0.6419140624999999 0.4964722222222222 0.006468749999999979 0.01218055555555553
0 0.6249687500000001 0.451125 0.004953124999999936 0.01083333333333327
0 0.6200234375 0.45484722222222224 0.004570312499999929 0.009472222222222292
0 0.6335390624999999 0.4205 0.006851562499999986 0.011847222222222184
0 0.6232578125 0.42083333333333334 0.011039062500000085 0.008458333333333377
0 0.617265625 0.38783333333333336 0.007804687500000007 0.016916666666666597
0 0.6003203125 0.357375 0.002859375000000064 0.0060972222222222035
0 0.5399765624999999 0.34756944444444443 0.02036718749999995 0.059569444444444425
0 0.5777578125 0.3913888888888889 0.005710937499999957 0.013875000000000012
0 0.6022265625000001 0.40544444444444444 0.006281249999999972 0.014888888888888927
0 0.61221875 0.3947777777777778 0.006851562499999986 0.011847222222222184
0 0.5389296875 0.5206666666666666 0.013328124999999958 0.024027777777777714