0 0.6285937500000001 0.5535833333333333 0.02533593750000005 0.031902777777777815
0 0.589796875 0.32230555555555557 0.026914062500000037 0.08913888888888882
0 0.5591875 0.3499861111111111 0.011085937500000042 0.016888888888888846
0 0.5710625 0.3842222222222222 0.0052812499999999925 0.014069444444444438
0 0.5821484375 0.3903194444444444 0.008445312499999958 0.015013888888888813
0 0.6299140624999999 0.44193055555555555 0.007914062500000086 0.020638888888888908
0 0.6272734375 0.4044027777777778 0.003695312500000014 0.015013888888888813
0 0.62384375 0.40111111111111114 0.004218750000000071 0.014069444444444438
0 0.6098515625 0.3832916666666667 0.007914062500000086 0.008444444444444501
0 0.6412578124999999 0.37672222222222224 0.004218750000000071 0.014069444444444438
0 0.4789609375 0.36968055555555557 0.011085937500000042 0.011263888888888908
0 0.49506249999999996 0.37954166666666667 0.008445312499999958 0.010319444444444374
0 0.4417578125 0.44193055555555555 0.010554687499999993 0.030027777777777785
0 0.47131249999999997 0.4006527777777778 0.010554687499999993 0.028152777777777752
0 0.596125 0.3965138888888889 0.004226562500000064 0.006513888888888965
1 0.43663281249999997 0.3895 0.009859374999999915 0.020541666666666618
1 0.45128124999999997 0.40602777777777777 0.015499999999999936 0.020541666666666618
1 0.5286328124999999 0.49644444444444447 0.017468749999999922 0.03306944444444437
1 0.5306093749999999 0.3481666666666667 0.005632812500000028 0.014027777777777809
1 0.465375 0.34641666666666665 0.008171875000000028 0.011527777777777793
1 0.480875 0.3404027777777778 0.004789062500000085 0.00951388888888892
1 0.547796875 0.3486666666666667 0.006203125000000043 0.012027777777777813
1 0.546953125 0.35818055555555556 0.007890624999999929 0.01001388888888894
1 0.636703125 0.38398611111111114 0.005914062499999951 0.014527777777777829
1 0.6135937499999999 0.4521111111111111 0.008171875000000028 0.01352777777777779
1 0.61471875 0.39175 0.004226562500000064 0.012027777777777733
1 0.636984375 0.4280694444444444 0.007609375000000007 0.00951388888888892
0 0.627828125 0.42180555555555554 0.004507812499999986 0.013027777777777772
2 0.42648437499999997 0.4303194444444444 0.012679687500000014 0.020041666666666597
2 0.458328125 0.37947222222222227 0.00929687500000007 0.019541666666666735
2 0.4943984375 0.35191666666666666 0.004226562500000064 0.015527777777777708
2 0.5287734375 0.3549305555555556 0.0036640625000000427 0.00951388888888892
2 0.48157812499999997 0.3905 0.010140625000000014 0.012527777777777752
2 0.59034375 0.4365833333333333 0.0073281250000000854 0.011527777777777715
2 0.5897812499999999 0.4047777777777778 0.006765625000000064 0.013027777777777772
2 0.6009140625 0.38598611111111114 0.0036640625000000427 0.007513888888888844
2 0.628953125 0.39499999999999996 0.004507812499999986 0.012527777777777752
0 0.4140859375 0.5771944444444445 0.04987499999999993 0.2777083333333332
3 0.6412109375 0.39951388888888884 0.006484374999999964 0.011527777777777715
3 0.5470937499999999 0.36770833333333336 0.011554687499999971 0.014027777777777809