1 0.4463828125 0.5460694444444445 0.04203906249999996 0.0555277777777778
1 0.486859375 0.37937499999999996 0.0058984374999999645 0.006763888888888895
1 0.49466406249999995 0.36059722222222224 0.0020937500000000496 0.0030416666666667424
1 0.5396875 0.3413055555555556 0.0022812500000000567 0.0071111111111111175
1 0.5826171875 0.400875 0.004757812499999936 0.010486111111111049
1 0.582140625 0.4091666666666667 0.004953124999999936 0.010152777777777702
3 0.5811875 0.41677777777777775 0.008375000000000021 0.012527777777777752
1 0.5548203125 0.4907222222222222 0.007804687500000007 0.018958333333333303
1 0.496859375 0.4519722222222222 0.0072343749999999925 0.015902777777777842
1 0.478578125 0.4034027777777778 0.008375000000000021 0.01218055555555553
1 0.545875 0.3814027777777778 0.0058984374999999645 0.01083333333333327
3 0.536359375 0.3803888888888889 0.007421875 0.008125000000000032
0 0.5155078125 0.3751527777777778 0.003804687499999915 0.012527777777777752
1 0.51065625 0.36872222222222223 0.0032343750000000783 0.008458333333333377
1 0.5723359375 0.36719444444444443 0.007421875 0.01218055555555553
0 0.56471875 0.39275 0.005140624999999943 0.011847222222222184
0 0.5555859375 0.3942638888888889 0.006664062499999979 0.009472222222222292
0 0.5493046875 0.3717638888888889 0.002476562500000057 0.009819444444444514
0 0.5554921875 0.36566666666666664 0.004953124999999936 0.013194444444444444
0 0.4573515625 0.38495833333333335 0.0070468749999999854 0.011847222222222184
0 0.44155468750000004 0.3792083333333333 0.010468750000000072 0.009138888888888946
0 0.44098437500000004 0.5012083333333334 0.00857031250000002 0.015569444444444495
0 0.47725 0.41576388888888893 0.006093749999999965 0.013875000000000012
0 0.5130390625000001 0.4367361111111111 0.00532812499999995 0.013194444444444444
0 0.5240781250000001 0.44587499999999997 0.007992187500000015 0.015902777777777842
0 0.5559609375 0.4538333333333333 0.008945312500000035 0.007444444444444464
0 0.5486328125 0.4198194444444444 0.00532812499999995 0.011847222222222184
0 0.5432109374999999 0.4228611111111111 0.003617187500000085 0.008458333333333377
0 0.474296875 0.340625 0.011609374999999922 0.06463888888888884
0 0.5356875 0.3385972222222222 0.0015234375000000356 0.005749999999999981
0 0.57090625 0.5137361111111111 0.02056249999999995 0.03451388888888892
0 0.6143125 0.5939444444444444 0.023601562500000027 0.04805555555555559
0 0.6306796875 0.44486111111111115 0.0076171875 0.009819444444444514
3 0.5443515624999999 0.37159722222222225 0.0058984374999999645 0.006763888888888895
0 0.5376875 0.35704166666666665 0.004374999999999929 0.01420833333333336
0 0.50628125 0.47362499999999996 0.00552343749999995 0.024708333333333284
0 0.4526875 0.44638888888888884 0.006468749999999979 0.015569444444444495
0 0.45411718749999996 0.39968055555555554 0.0070468749999999854 0.01218055555555553
2 0.5041875 0.3607638888888889 0.006281249999999972 0.01218055555555553
2 0.504375 0.37041666666666667 0.00552343749999995 0.00643055555555555
2 0.5222734375 0.37497222222222226 0.004374999999999929 0.008125000000000032
2 0.5319765624999999 0.34012499999999996 0.002859375000000064 0.005416666666666635
2 0.5528203125 0.38293055555555555 0.005710937499999957 0.009138888888888946
2 0.525984375 0.4179583333333333 0.004570312499999929 0.010152777777777702
2 0.53740625 0.4306527777777778 0.004187499999999922 0.00643055555555555
2 0.550921875 0.4421527777777778 0.004187499999999922 0.009138888888888946
2 0.5315000000000001 0.45772222222222225 0.006851562499999986 0.011166666666666616
2 0.6003203125 0.41677777777777775 0.002859375000000064 0.0071111111111111175
2 0.602984375 0.40273611111111113 0.004757812499999936 0.0060972222222222035
2 0.6324921875 0.4360694444444445 0.004757812499999936 0.00643055555555555
3 0.522171875 0.47126388888888887 0.007992187500000015 0.023347222222222148
1 0.442984375 0.42083333333333334 0.011039062500000085 0.01455555555555558
3 0.4280390625 0.49495833333333333 0.02570312500000007 0.03688888888888881
2 0.42280468750000005 0.4646666666666667 0.009140625000000036 0.013541666666666667
2 0.462015625 0.4580694444444445 0.011804687499999921 0.020638888888888908
2 0.48981250000000004 0.4111944444444445 0.006851562499999986 0.015569444444444495
2 0.5313125000000001 0.4973194444444444 0.014851562499999993 0.022000000000000044
1 0.6013671875 0.3930833333333333 0.004187499999999922 0.00777777777777781
1 0.6153593749999999 0.40052777777777776 0.00552343749999995 0.00643055555555555
0 0.6245 0.4023888888888889 0.037124999999999984 0.14079166666666668