0 0.45903906250000004 0.3715138888888889 0.03128124999999997 0.14088888888888895
0 0.4429765625 0.4553055555555555 0.026695312500000058 0.01779166666666659
0 0.5472578125 0.4775555555555555 0.008343750000000049 0.01779166666666659
0 0.62671875 0.45827777777777773 0.0062578124999999925 0.014833333333333264
0 0.6139921875 0.4575277777777778 0.007507812499999922 0.01186111111111106
0 0.5845859375 0.41748611111111106 0.007093749999999943 0.01779166666666659
0 0.6131640625 0.40302777777777776 0.010843750000000086 0.02447222222222223
0 0.5520546875 0.361125 0.004585937499999915 0.007416666666666711
0 0.5395390625 0.40413888888888894 0.0037578124999999574 0.010375000000000039
0 0.49741406250000003 0.3933888888888889 0.005421875000000043 0.022986111111111047
0 0.481765625 0.38375000000000004 0.010007812499999958 0.03633333333333329
0 0.547671875 0.4338055555555555 0.004171874999999936 0.016319444444444445
0 0.5603984375 0.4341666666666667 0.007093749999999943 0.015569444444444495
0 0.517015625 0.427875 0.007921875000000078 0.008902777777777733
0 0.548921875 0.46494444444444444 0.007507812499999922 0.013347222222222241
2 0.43004687500000005 0.6685 0.017515625000000055 0.03188888888888894
2 0.460078125 0.5290833333333333 0.011679687500000036 0.02595833333333341
2 0.41878125 0.47533333333333333 0.012515624999999985 0.023736111111111156
0 0.6144140625000001 0.6532916666666667 0.025859374999999928 0.03411111111111104
2 0.62796875 0.4938611111111111 0.009593749999999979 0.020763888888888953
2 0.575203125 0.4723611111111111 0.006671874999999971 0.013347222222222241
2 0.54996875 0.3652083333333333 0.004585937499999915 0.009638888888888964
2 0.49741406250000003 0.3700277777777778 0.011265625000000057 0.016319444444444445
2 0.5197265625 0.3978333333333333 0.006671874999999971 0.01705555555555552
2 0.564984375 0.38819444444444445 0.010429687499999929 0.011124999999999987
2 0.56728125 0.4122916666666667 0.008343750000000049 0.01186111111111106
2 0.6029375 0.4519722222222222 0.007093749999999943 0.009638888888888964
2 0.5795859375 0.427875 0.004585937499999915 0.008902777777777733
2 0.57875 0.40858333333333335 0.005421875000000043 0.014833333333333264
1 0.58896875 0.4415833333333333 0.005007812500000064 0.009638888888888964
0 0.5852109375000001 0.44975 0.0091796875 0.014083333333333314
1 0.527234375 0.43009722222222224 0.005835937500000022 0.013347222222222241
1 0.508046875 0.4059861111111111 0.010007812499999958 0.01705555555555552
1 0.5364140625 0.38375000000000004 0.013351562499999936 0.02002777777777772
1 0.5608125 0.3696527777777777 0.009593749999999979 0.014083333333333314
1 0.5933437500000001 0.39412499999999995 0.010429687499999929 0.01705555555555552
1 0.619 0.4341666666666667 0.0091796875 0.012611111111111168
1 0.632140625 0.47829166666666667 0.010429687499999929 0.019277777777777772
1 0.5070078125 0.4723611111111111 0.012929687499999964 0.022249999999999975
1 0.5070078125 0.48533333333333334 0.022937499999999923 0.015569444444444495
3 0.5051249999999999 0.49905555555555553 0.01835156250000001 0.01186111111111106
1 0.422953125 0.5164861111111111 0.01585156249999997 0.03337499999999996
1 0.556640625 0.4200833333333333 0.008757812500000028 0.0185416666666667
1 0.557265625 0.4575277777777778 0.008343750000000049 0.01186111111111106
2 0.5272109375 0.4417083333333333 0.009226562499999957 0.007847222222222191
2 0.5476640625 0.44884722222222223 0.004414062500000071 0.009263888888888832
3 0.606421875 0.4360138888888889 0.015242187499999994 0.02780555555555553
0 0.6090312499999999 0.7561527777777777 0.02366406249999997 0.056333333333333256