0 0.41467187499999997 0.3891944444444445 0.04564062500000006 0.18255555555555564
0 0.5688828125 0.38158333333333333 0.007484374999999943 0.011402777777777828
0 0.6034609375 0.43863888888888886 0.013906249999999964 0.027888888888888946
0 0.6114843750000001 0.5422777777777777 0.01782812499999995 0.0335972222222223
0 0.534828125 0.4931527777777778 0.007843749999999972 0.025361111111111098
0 0.5558671875 0.4161388888888889 0.005703124999999964 0.00951388888888892
0 0.467265625 0.4082083333333334 0.006773437500000057 0.015208333333333397
1 0.5797578125 0.3885694444444444 0.007843749999999972 0.019013888888888966
1 0.6305625 0.43927777777777777 0.017468749999999922 0.03930555555555549
3 0.592234375 0.517875 0.01925000000000008 0.026624999999999944
1 0.6102421875 0.504875 0.01247656250000002 0.027250000000000007
2 0.6407265625 0.5337222222222222 0.00998437499999998 0.02915277777777779
2 0.641078125 0.5765 0.008554687500000036 0.014583333333333334
2 0.49828124999999995 0.4611388888888889 0.013906249999999964 0.019652777777777745
2 0.49310937499999996 0.42215277777777777 0.01925000000000008 0.025361111111111098
2 0.549265625 0.4858611111111111 0.010343750000000007 0.010777777777777765
2 0.56478125 0.3901527777777778 0.007132812500000085 0.013305555555555612
3 0.5842109375 0.45290277777777777 0.017468749999999922 0.02979166666666673
1 0.5145078125 0.4548055555555555 0.00998437499999998 0.022180555555555592
1 0.45603125 0.5733333333333334 0.029234375000000055 0.03486111111111114
0 0.60096875 0.4643055555555556 0.011765624999999957 0.023458333333333314