0 0.4146640625 0.4020972222222222 0.045914062499999984 0.18386111111111111
0 0.536453125 0.503263888888889 0.007734375000000071 0.025347222222222222
0 0.5675078124999999 0.3855555555555556 0.002656250000000071 0.010736111111111137
0 0.6031484375 0.44033333333333335 0.010148437500000006 0.024916666666666743
0 0.601703125 0.4689027777777778 0.009664062499999914 0.019333333333333275
0 0.6166796875 0.5511666666666666 0.017882812500000077 0.03522222222222224
0 0.46371874999999996 0.41756944444444444 0.007734375000000071 0.013749999999999969
1 0.5788671875 0.39243055555555556 0.008460937499999942 0.011597222222222254
1 0.61209375 0.5097083333333333 0.01498437500000005 0.021902777777777754
1 0.595171875 0.5243194444444444 0.017398437499999985 0.02706944444444446
1 0.6309375 0.44033333333333335 0.01981249999999992 0.029208333333333295
1 0.51615625 0.46288888888888885 0.015468749999999965 0.019333333333333275
1 0.45828125000000003 0.5960555555555556 0.024406250000000008 0.03394444444444452
2 0.49223437499999995 0.4328194444444444 0.017882812500000077 0.032222222222222284
2 0.49935937499999994 0.47148611111111116 0.010875000000000056 0.019333333333333275
2 0.5504687500000001 0.49597222222222226 0.014499999999999957 0.014180555555555606
2 0.5643671875 0.39479166666666665 0.006039062500000014 0.0077361111111111805
3 0.5832109375 0.45751388888888894 0.011843750000000064 0.018902777777777796