0 0.604078125 0.4353611111111111 0.0201171875 0.042805555555555624
0 0.5944765624999999 0.5515833333333333 0.010054687499999914 0.019499999999999948
0 0.5598828124999999 0.5629722222222222 0.012804687500000078 0.023847222222222166
0 0.516453125 0.5274722222222222 0.007007812500000021 0.017875000000000005
0 0.4792734375 0.49659722222222225 0.005179687500000085 0.015708333333333258
0 0.4106953125 0.5775972222222222 0.011273437500000049 0.022763888888888868
0 0.463421875 0.49008333333333337 0.008226562499999979 0.015708333333333258
0 0.41968750000000005 0.3909305555555556 0.01218749999999993 0.03522222222222224
0 0.4260859375 0.4191111111111111 0.0073124999999999215 0.02112500000000005
0 0.5441874999999999 0.4583888888888889 0.010664062500000071 0.030347222222222255
0 0.49832031250000003 0.37359722222222225 0.006093749999999965 0.014624999999999963
0 0.522546875 0.3909305555555556 0.011273437500000049 0.025472222222222268
0 0.47759375000000004 0.4448472222222222 0.0036562500000000497 0.03251388888888884
0 0.41404687500000004 0.48006944444444444 0.012492187500000007 0.018416666666666654
1 0.43278906250000004 0.43293055555555554 0.01218749999999993 0.01733333333333336
1 0.5057890625 0.3855138888888889 0.008226562499999979 0.015708333333333258
1 0.5775625 0.42127777777777775 0.0201171875 0.028722222222222153
1 0.5949375 0.49956944444444445 0.018289062500000064 0.022763888888888868
1 0.5877734375 0.6288055555555556 0.01737500000000001 0.028722222222222153
1 0.52453125 0.518 0.008531250000000056 0.01516666666666661
1 0.4426953125 0.5507777777777778 0.013718749999999957 0.020041666666666597
1 0.431421875 0.4825 0.008835937499999957 0.01679166666666671
3 0.46372656250000005 0.451625 0.011273437500000049 0.015708333333333258
3 0.565984375 0.5095972222222223 0.01585156249999997 0.03847222222222228
3 0.53078125 0.4266944444444445 0.006398437500000043 0.024388888888888814
1 0.49771093750000006 0.4643472222222222 0.01218749999999993 0.023847222222222166
2 0.45229687500000004 0.4689583333333333 0.010359374999999994 0.015708333333333258
2 0.455953125 0.42697222222222225 0.01157812499999995 0.01516666666666661
2 0.412671875 0.5060694444444445 0.010359374999999994 0.01733333333333336
2 0.43446875 0.5347916666666667 0.010054687499999914 0.0205833333333334
2 0.4586953125 0.5968333333333333 0.015242187499999994 0.02655555555555556
2 0.547390625 0.5402083333333333 0.010968749999999972 0.01516666666666661
2 0.5281875 0.48006944444444444 0.012804687500000078 0.013000000000000018
2 0.524375 0.44675000000000004 0.009445312499999936 0.018958333333333303
2 0.5490625 0.4399722222222222 0.011273437500000049 0.011916666666666723
2 0.490546875 0.3787361111111111 0.007007812500000021 0.011916666666666723
2 0.45336718749999994 0.3841666666666667 0.014937499999999914 0.0205833333333334
2 0.5383984374999999 0.40908333333333335 0.013718749999999957 0.019499999999999948
2 0.5553125 0.6740416666666667 0.0201171875 0.028180555555555504