0 0.41465625 0.5726666666666667 0.013679687499999992 0.02173611111111108
0 0.43796875 0.5485416666666667 0.009742187500000022 0.025055555555555505
0 0.4434609375 0.4621527777777778 0.011187499999999951 0.018055555555555554
0 0.45464843750000006 0.40561111111111114 0.008289062499999921 0.022097222222222178
0 0.4498828125 0.3809166666666667 0.010359374999999994 0.03168055555555548
0 0.5009609375 0.43636111111111114 0.003937499999999971 0.032055555555555615
0 0.5681015625 0.45515277777777774 0.010984374999999958 0.02173611111111108
0 0.6154531249999999 0.5548055555555556 0.010359374999999994 0.022097222222222178
0 0.579703125 0.5560972222222222 0.01222656250000007 0.01879166666666663
0 0.631515625 0.4380277777777778 0.020515624999999992 0.04641666666666661
0 0.5484140625 0.3905 0.01264062500000005 0.03241666666666671
0 0.5246875 0.3687638888888889 0.005390625000000071 0.012527777777777752
0 0.486765625 0.48056944444444444 0.0070468749999999854 0.023944444444444456
0 0.5022031250000001 0.4840694444444444 0.0068359375 0.01988888888888896
0 0.5349453125 0.5198055555555555 0.007664062499999957 0.021361111111111105
2 0.4763046875 0.4557083333333333 0.0068359375 0.01179166666666668
2 0.44107812500000004 0.48609722222222224 0.007249999999999979 0.013624999999999924
2 0.4585859375 0.5157499999999999 0.010773437499999972 0.013263888888888825
2 0.47982812499999994 0.5713888888888888 0.009742187500000022 0.020625000000000032
2 0.56540625 0.5354583333333333 0.008078124999999936 0.013624999999999924
2 0.5685156250000001 0.6621944444444444 0.01264062500000005 0.026152777777777834
2 0.5490390625 0.4745 0.008500000000000086 0.013263888888888825
2 0.57421875 0.4367361111111111 0.006632812500000007 0.01288888888888885
2 0.5461328125 0.44188888888888894 0.011398437499999936 0.022472222222222154
2 0.48168749999999994 0.4168472222222222 0.01015625 0.013624999999999924
2 0.48013281250000006 0.3757638888888889 0.013265625000000014 0.01988888888888896
2 0.562609375 0.407625 0.010359374999999994 0.02173611111111108
1 0.46117187499999995 0.42144444444444445 0.011398437499999936 0.01988888888888896
3 0.4878046875 0.44152777777777774 0.012015625000000085 0.018055555555555554
1 0.5207499999999999 0.4545972222222222 0.013265625000000014 0.01988888888888896
1 0.60146875 0.42291666666666666 0.019273437500000056 0.02947222222222226
1 0.554421875 0.42144444444444445 0.0068359375 0.022097222222222178
1 0.4580703125 0.4649166666666667 0.007249999999999979 0.01473611111111113
1 0.6018828125 0.6236944444444444 0.01264062500000005 0.02358333333333336
1 0.46614843749999996 0.5303055555555556 0.01015625 0.01731944444444448
1 0.5450859375 0.5094861111111111 0.007406250000000014 0.013930555555555517
1 0.6171640625 0.5032916666666667 0.013062500000000022 0.02787500000000007
3 0.5862421875 0.5079444444444445 0.019164062499999978 0.03870833333333334