1 0.602390625 0.42190277777777774 0.01891406250000003 0.03955555555555558
1 0.48001562499999995 0.3764166666666666 0.011492187500000028 0.01845833333333328
0 0.449609375 0.3830138888888889 0.007789062500000022 0.03691666666666672
2 0.51765625 0.3741111111111111 0.0074140625000000075 0.012527777777777752
0 0.524328125 0.3681805555555555 0.0074140625000000075 0.01384722222222226
0 0.5313749999999999 0.37938888888888894 0.005187500000000078 0.016486111111111118
0 0.45442968749999996 0.4050972222222222 0.01001562499999995 0.020430555555555605
1 0.4599921875 0.42125 0.008531250000000056 0.015819444444444424
2 0.4811328125 0.41729166666666667 0.01001562499999995 0.014500000000000075
0 0.5004140625 0.43805555555555553 0.005562499999999915 0.03888888888888889
0 0.4881796875 0.4410277777777778 0.007789062500000022 0.017138888888888933
0 0.5471328125 0.3892777777777777 0.008531250000000056 0.032305555555555546
0 0.5384218749999999 0.4113611111111111 0.005187500000000078 0.015819444444444424
2 0.5628984375 0.4077361111111111 0.011125000000000006 0.024388888888888814
3 0.5541796875 0.4192638888888889 0.01001562499999995 0.023736111111111156
2 0.5736484374999999 0.43706944444444445 0.005929687499999936 0.014500000000000075
0 0.5678984375 0.45618055555555553 0.012234375000000065 0.027680555555555486
0 0.6318671874999999 0.43870833333333337 0.020765624999999944 0.04548611111111111
0 0.5792109375 0.5560555555555555 0.008898437500000078 0.0191111111111111
0 0.4149375 0.572861111111111 0.012609375000000079 0.025055555555555505
0 0.48724999999999996 0.47826388888888893 0.006671874999999971 0.021749999999999957
0 0.5020859375 0.4841944444444444 0.004453125000000035 0.01384722222222226
0 0.535828125 0.5184861111111111 0.006671874999999971 0.017805555555555626
2 0.5640078125 0.5333194444444445 0.008156250000000042 0.01977777777777779
2 0.568640625 0.6612083333333333 0.017429687499999957 0.026375000000000013
2 0.48001562499999995 0.5722083333333333 0.012234375000000065 0.0210972222222223
2 0.4410859375 0.4845277777777778 0.005562499999999915 0.013180555555555569
2 0.4770546875 0.4555277777777778 0.007789062500000022 0.01845833333333328
0 0.4375625 0.5494583333333334 0.013351562499999936 0.024388888888888814
0 0.44293750000000004 0.46179166666666666 0.012234375000000065 0.017805555555555626
0 0.6157109375 0.5538055555555556 0.00845312499999995 0.016527777777777745
1 0.6168359375 0.5024583333333333 0.012960937499999936 0.028055555555555618
3 0.5861171875 0.5069722222222222 0.019164062499999978 0.04008333333333335
2 0.54878125 0.4731527777777778 0.007609375000000007 0.016527777777777745
1 0.5442734375 0.5107222222222223 0.00929687500000007 0.017527777777777784
1 0.5204609375 0.456375 0.010710937500000028 0.021041666666666636
1 0.45776562500000006 0.4658888888888889 0.00873437500000005 0.016027777777777728
1 0.6018984374999999 0.6244444444444445 0.012960937499999936 0.025555555555555522
1 0.46621875 0.5282638888888889 0.01099218749999995 0.016527777777777745
2 0.45875000000000005 0.5152361111111111 0.0073281250000000854 0.017527777777777784
2 0.546390625 0.44334722222222217 0.010710937500000028 0.018027777777777802