0 0.4500078125 0.38334722222222223 0.008226562499999979 0.030888888888888903
0 0.454125 0.4055694444444444 0.008531250000000056 0.02112500000000005
2 0.48033593750000003 0.37630555555555556 0.010968749999999972 0.023305555555555517
2 0.482015625 0.4164027777777778 0.010664062500000071 0.018958333333333303
2 0.5175234375 0.3719722222222222 0.0073124999999999215 0.01679166666666671
0 0.5315390625 0.3790138888888889 0.005484374999999986 0.015708333333333258
0 0.5246796875 0.3692638888888889 0.005179687500000085 0.018958333333333303
0 0.548453125 0.38984722222222223 0.011273437500000049 0.03305555555555549
1 0.60209375 0.42262500000000003 0.021031250000000057 0.0335972222222223
1 0.6161171875 0.5028194444444444 0.016765625000000027 0.023847222222222166
3 0.585484375 0.5060694444444445 0.018898437500000042 0.036847222222222184
2 0.5729921874999999 0.4353611111111111 0.009750000000000014 0.014624999999999963
0 0.5668984375 0.4583888888888889 0.01218749999999993 0.03143055555555555
2 0.5623203125 0.406375 0.012804687500000078 0.022763888888888868
3 0.5543984375 0.42154166666666665 0.007921875000000078 0.022763888888888868
2 0.5464765625 0.4451111111111111 0.009750000000000014 0.020041666666666597
1 0.52071875 0.45568055555555553 0.011882812500000029 0.022763888888888868
1 0.5444921875000001 0.5101388888888889 0.008226562499999979 0.018958333333333303
2 0.54921875 0.4735694444444445 0.008531250000000056 0.01516666666666661
2 0.5646093750000001 0.5347916666666667 0.0076171875 0.022763888888888868
0 0.5786328125 0.5564583333333333 0.008226562499999979 0.02709722222222221
0 0.616421875 0.5540277777777778 0.013109374999999979 0.02655555555555556
1 0.601484375 0.6258194444444444 0.01737500000000001 0.02709722222222221
2 0.568265625 0.6605 0.013109374999999979 0.026013888888888913
2 0.47972656249999995 0.5716388888888889 0.009750000000000014 0.019499999999999948
2 0.4593046875 0.5155555555555555 0.007921875000000078 0.017875000000000005
2 0.4410234375 0.4854861111111111 0.009140625000000036 0.016250000000000063
2 0.47621874999999997 0.45622222222222225 0.011273437500000049 0.014083333333333314
0 0.415421875 0.5748888888888889 0.015242187499999994 0.02709722222222221
0 0.4388828125 0.5496944444444444 0.014023437500000036 0.02112500000000005
1 0.4663203125 0.5299166666666667 0.009140625000000036 0.01733333333333336
1 0.44407031249999995 0.46245833333333336 0.009750000000000014 0.017875000000000005
1 0.45717187499999995 0.4651666666666667 0.009750000000000014 0.01679166666666671
1 0.46098437499999995 0.42127777777777775 0.013109374999999979 0.017875000000000005
0 0.48764843750000003 0.47816666666666663 0.008531250000000056 0.02112500000000005
3 0.48810937499999996 0.4415972222222222 0.008226562499999979 0.019499999999999948
0 0.50228125 0.48520833333333335 0.004875000000000007 0.018958333333333303
0 0.5358046875 0.5190833333333333 0.0067031249999999435 0.01733333333333336
0 0.6308984375 0.43969444444444444 0.021945312499999935 0.04388888888888892
0 0.5383984374999999 0.41233333333333333 0.0033515624999999718 0.01733333333333336