0 0.567484375 0.6210416666666666 0.022109374999999966 0.04672222222222221
0 0.53975 0.4575277777777778 0.005835937500000022 0.016319444444444445
0 0.5639375 0.47644444444444445 0.010007812499999958 0.015569444444444495
0 0.482390625 0.416 0.004585937499999915 0.008902777777777733
0 0.4705078125 0.4152638888888889 0.005007812500000064 0.01186111111111106
0 0.4490234375 0.3733611111111111 0.012929687499999964 0.014083333333333314
0 0.472171875 0.3381388888888889 0.019187499999999958 0.09936111111111114
0 0.5747890625000001 0.3637222222222222 0.006671874999999971 0.011124999999999987
0 0.54225 0.37040277777777775 0.008343750000000049 0.021500000000000026
0 0.534328125 0.3781805555555556 0.007507812499999922 0.010375000000000039
0 0.5508046875 0.4011666666666666 0.009593749999999979 0.01779166666666659
0 0.5845859375 0.43120833333333336 0.012093750000000014 0.022986111111111047
0 0.6079453125 0.40043055555555557 0.012929687499999964 0.026694444444444482
0 0.5879218749999999 0.4071111111111111 0.012093750000000014 0.014833333333333264
0 0.6373515624999999 0.8034583333333334 0.020023437500000085 0.045236111111111026
0 0.5059609375 0.39745833333333336 0.008343750000000049 0.01186111111111106
0 0.5226484375 0.4152638888888889 0.005007812500000064 0.013347222222222241
0 0.5266093749999999 0.4171111111111111 0.0062578124999999925 0.011124999999999987
0 0.5322421875 0.4408472222222223 0.004171874999999936 0.012611111111111168
1 0.4346328125 0.37929166666666664 0.005007812500000064 0.009638888888888964
1 0.4381796875 0.3904166666666667 0.010429687499999929 0.009638888888888964
1 0.41253124999999996 0.37929166666666664 0.006671874999999971 0.0185416666666667
1 0.5929296875000001 0.46605555555555556 0.007093749999999943 0.014083333333333314
1 0.43317187500000004 0.6317916666666666 0.02544531249999995 0.044486111111111074
1 0.6429843749999999 0.4404722222222222 0.013765624999999915 0.032625000000000015
1 0.587296875 0.394875 0.012515624999999985 0.02002777777777772
1 0.57103125 0.3707638888888889 0.005835937500000022 0.007416666666666711
1 0.5316171875 0.3904166666666667 0.007093749999999943 0.014083333333333314
1 0.55121875 0.41675 0.009593749999999979 0.01779166666666659
1 0.49741406250000003 0.4193472222222222 0.007921875000000078 0.00668055555555548
1 0.5418359374999999 0.4389861111111111 0.005007812500000064 0.010375000000000039
1 0.5257734375 0.4808888888888889 0.009593749999999979 0.022986111111111047
1 0.5620625 0.43194444444444446 0.005421875000000043 0.012611111111111168
3 0.43755468750000004 0.40191666666666664 0.01585156249999997 0.014833333333333264
2 0.41023437500000004 0.3933888888888889 0.007093749999999943 0.009638888888888964
2 0.4980390625 0.470875 0.007507812499999922 0.016319444444444445
2 0.49115624999999996 0.43156944444444445 0.007093749999999943 0.013347222222222241
2 0.497828125 0.404875 0.0062578124999999925 0.01186111111111106
2 0.5268203125 0.40673611111111113 0.0033359374999999856 0.0037083333333332766
2 0.575203125 0.42230555555555555 0.0091796875 0.0185416666666667
2 0.6154531249999999 0.41340277777777773 0.012093750000000014 0.015569444444444495
2 0.605234375 0.43194444444444446 0.006671874999999971 0.009638888888888964
2 0.5658203125 0.3603888888888889 0.0062578124999999925 0.00593055555555553
2 0.54475 0.3889305555555555 0.0033359374999999856 0.00668055555555548
2 0.5620625 0.3904166666666667 0.008757812500000028 0.014083333333333314
1 0.51409375 0.4034027777777778 0.0037578124999999574 0.01779166666666659
3 0.5683203125 0.45048611111111114 0.01877343749999998 0.0185416666666667
3 0.5956406249999999 0.4182222222222222 0.012515624999999985 0.014833333333333264