3 0.570328125 0.412125 0.015242187499999994 0.0185416666666667
3 0.595796875 0.38823611111111106 0.010023437499999944 0.013541666666666667
3 0.4608359375 0.3679166666666666 0.012031250000000071 0.012833333333333346
0 0.48971093750000005 0.31836111111111115 0.01603906249999998 0.08769444444444442
0 0.411296875 0.39287500000000003 0.008421874999999978 0.015680555555555507
0 0.46965625 0.349375 0.011226562499999915 0.01140277777777775
0 0.49031250000000004 0.3786111111111111 0.006015625000000036 0.009986111111111187
0 0.500140625 0.3828888888888889 0.005617187500000042 0.011402777777777828
0 0.5191874999999999 0.3707638888888889 0.0036093749999999147 0.011402777777777828
0 0.532421875 0.38325 0.006015625000000036 0.007847222222222191
0 0.5374375 0.38609722222222226 0.004812500000000064 0.009263888888888832
0 0.5568906250000001 0.3746944444444444 0.0036093749999999147 0.009263888888888832
0 0.5478671875 0.3500972222222222 0.004812500000000064 0.0185416666666667
0 0.54125 0.35686111111111113 0.004414062500000071 0.007847222222222191
0 0.584359375 0.39858333333333335 0.008023437499999985 0.015680555555555507
0 0.6084296874999999 0.3732638888888889 0.008820312499999972 0.020680555555555535
0 0.5781484375 0.34081944444444445 0.0036093749999999147 0.009986111111111109
0 0.6393125000000001 0.4189027777777778 0.008023437499999985 0.03636111111111104
0 0.6166484375 0.5893055555555555 0.034890625000000064 0.047777777777777745
0 0.5683203125 0.5019583333333334 0.020054687500000057 0.02709722222222221
0 0.5476640625 0.4153333333333334 0.004414062500000071 0.017819444444444502
0 0.54084375 0.3978611111111111 0.004414062500000071 0.011402777777777828
1 0.4375703125 0.34973611111111114 0.008023437499999985 0.012125000000000025
1 0.4608359375 0.34830555555555553 0.006414062500000028 0.004986111111111077
1 0.4604296875 0.3575833333333333 0.010429687499999929 0.010694444444444508
1 0.5236015625 0.3739722222222222 0.006015625000000036 0.006416666666666673
1 0.49973437499999995 0.3825277777777778 0.006414062500000028 0.014972222222222184
1 0.5901796874999999 0.4224583333333334 0.0076171875 0.020680555555555535
1 0.6316875 0.4092777777777778 0.010429687499999929 0.029944444444444367
1 0.5745390625 0.34581944444444446 0.005210937500000057 0.00855555555555559
1 0.555890625 0.3910972222222222 0.012031250000000071 0.017819444444444502
1 0.483890625 0.4984027777777778 0.019656250000000063 0.0342222222222222
1 0.5390390625 0.4285277777777778 0.007218750000000007 0.011402777777777828
1 0.54846875 0.4 0.006820312500000014 0.009986111111111187
0 0.5695234375 0.4260277777777778 0.007218750000000007 0.013541666666666667
3 0.57634375 0.4595416666666667 0.012031250000000071 0.01925000000000002
2 0.39826562499999996 0.4110555555555555 0.011226562499999915 0.016402777777777704
2 0.3980625 0.3597222222222222 0.011632812500000079 0.014972222222222184
2 0.4375703125 0.35936111111111113 0.005617187500000042 0.009986111111111187
2 0.45461718749999996 0.3486666666666667 0.005210937500000057 0.009986111111111109
2 0.5137734375 0.3732638888888889 0.004007812500000085 0.007847222222222191
2 0.50615625 0.39287500000000003 0.005617187500000042 0.009986111111111187
2 0.51778125 0.4171111111111111 0.007218750000000007 0.015680555555555507
2 0.5988046875 0.40213888888888893 0.010429687499999929 0.009986111111111187
2 0.577140625 0.39216666666666666 0.004007812500000085 0.014263888888888864
2 0.5522734375 0.3689861111111111 0.004812500000000064 0.009263888888888832
1 0.5388437500000001 0.3650694444444445 0.010023437499999944 0.009986111111111187
3 0.5448593749999999 0.37754166666666666 0.010828124999999921 0.016402777777777704
1 0.5123671875 0.3850277777777778 0.006820312500000014 0.005708333333333353
2 0.5125703125000001 0.3796805555555556 0.006414062500000028 0.0049861111111111555
2 0.567515625 0.3565138888888889 0.008023437499999985 0.014263888888888864
2 0.5697265625 0.34081944444444445 0.002804687499999936 0.012833333333333346
2 0.626078125 0.39037499999999997 0.004812500000000064 0.0049861111111111555
0 0.43055468750000003 0.6114166666666667 0.075 0.38716666666666666