1 0.5021328125 0.5072916666666667 0.011726562499999992 0.021652777777777823
1 0.39656250000000004 0.5718611111111112 0.012632812500000057 0.03688888888888881
1 0.625296875 0.4459444444444444 0.010828124999999921 0.01925000000000002
1 0.5034140625 0.41179166666666667 0.009859374999999915 0.016027777777777728
1 0.5328593749999999 0.38598611111111114 0.012398437499999915 0.020541666666666618
1 0.5616015625 0.37420833333333337 0.006203125000000043 0.009013888888888901
1 0.5938671875 0.39951388888888884 0.015499999999999936 0.02655555555555556
2 0.4461640625 0.5899722222222222 0.013445312500000028 0.020055555555555632
2 0.3986640625000001 0.5132361111111111 0.013882812499999985 0.02390277777777783
2 0.49128125 0.3763472222222223 0.011710937500000008 0.020055555555555632
2 0.5155703125 0.40565277777777775 0.006507812499999943 0.012333333333333326
2 0.5483203125 0.3694027777777778 0.0060703124999999854 0.010791666666666642
2 0.5815078125 0.41374999999999995 0.008242187499999965 0.013111111111111186
2 0.580640625 0.4927916666666667 0.009109375000000064 0.009249999999999956
2 0.547890625 0.4688888888888889 0.007804687500000007 0.012333333333333326
2 0.5238125 0.4580972222222222 0.004773437499999922 0.012333333333333326
2 0.5311874999999999 0.43495833333333334 0.004773437499999922 0.00770833333333327
2 0.5680625 0.4187638888888889 0.007375000000000043 0.012333333333333326
2 0.5654609374999999 0.39176388888888886 0.007375000000000043 0.009249999999999956
2 0.5563515625 0.3871388888888889 0.00390625 0.004625000000000057
2 0.6409374999999999 0.5163194444444444 0.004773437499999922 0.017736111111111084
2 0.5821562499999999 0.43881944444444443 0.007804687500000007 0.010791666666666642
2 0.6077578124999999 0.46734722222222225 0.004335937499999965 0.012333333333333326
0 0.616 0.409125 0.011281250000000043 0.02852777777777773
0 0.4444296875 0.3871388888888889 0.045546874999999966 0.16041666666666668
0 0.47349218750000005 0.3925416666666667 0.007375000000000043 0.04627777777777785
0 0.4904140625 0.40218055555555554 0.009976562499999985 0.017736111111111084
0 0.5507109375 0.5016666666666667 0.007375000000000043 0.011569444444444502
0 0.5522265625 0.4881666666666667 0.00954687500000002 0.013875000000000012
0 0.422953125 0.48200000000000004 0.03470312500000006 0.030847222222222272
0 0.53878125 0.4149027777777778 0.008679687499999922 0.02159722222222216
0 0.5121015625 0.44305555555555554 0.004773437499999922 0.0161944444444444
0 0.54615625 0.4484583333333333 0.007804687500000007 0.011569444444444502
0 0.5598203125000001 0.4484583333333333 0.007375000000000043 0.014652777777777714
0 0.5888828125 0.46426388888888886 0.008242187499999965 0.010791666666666642
0 0.6229375 0.4762222222222222 0.008679687499999922 0.020819444444444456
0 0.6346484375 0.47197222222222224 0.007804687500000007 0.012333333333333326
3 0.6110078125 0.45037499999999997 0.013445312500000028 0.020055555555555632
3 0.56415625 0.4037222222222222 0.009976562499999985 0.014652777777777714
3 0.5305390625 0.42338888888888887 0.008679687499999922 0.015430555555555574
3 0.5010390625000001 0.5382916666666666 0.02603124999999995 0.03238888888888896
1 0.5008203124999999 0.5232638888888889 0.02559374999999999 0.020819444444444456
0 0.58584375 0.4237777777777778 0.010843750000000086 0.017736111111111084
1 0.5580859375 0.4295555555555555 0.009976562499999985 0.013875000000000012