0 0.5756249999999999 0.5404027777777778 0.021554687499999937 0.037194444444444405
0 0.5242734375 0.48461111111111116 0.02472656250000007 0.028180555555555504
0 0.414125 0.3953055555555556 0.007289062499999943 0.014083333333333314
0 0.430453125 0.6247916666666667 0.07860937499999991 0.39191666666666675
0 0.46769531249999996 0.35191666666666666 0.006656249999999986 0.024236111111111173
0 0.5252265625 0.3685416666666667 0.0069765625000000496 0.022541666666666692
0 0.48465625 0.41530555555555554 0.00443750000000005 0.012402777777777709
0 0.56009375 0.39643055555555556 0.008874999999999921 0.024236111111111173
0 0.512390625 0.3933333333333333 0.006023437500000029 0.015777777777777797
0 0.5131796875 0.37840277777777775 0.0031718749999999573 0.014083333333333314
0 0.48274999999999996 0.37501388888888887 0.00443750000000005 0.014083333333333314
0 0.49796874999999996 0.34176388888888887 0.0031718749999999573 0.007319444444444419
0 0.4404375 0.39418055555555553 0.005390625000000071 0.009583333333333301
0 0.4611953125 0.3865694444444444 0.003804687499999915 0.01352777777777779
0 0.5044609375 0.420375 0.005390625000000071 0.010138888888888826
0 0.45089843749999997 0.3815 0.005390625000000071 0.011263888888888908
0 0.46262499999999995 0.3589583333333333 0.006023437500000029 0.012402777777777709
0 0.466921875 0.38925 0.003640625000000064 0.011805555555555555
1 0.46253124999999995 0.3685 0.006851562499999986 0.008374999999999962
1 0.523671875 0.4128611111111111 0.007070312499999965 0.013319444444444488
1 0.5516171875 0.3900138888888889 0.010281250000000065 0.020180555555555518
1 0.4955078125 0.34452777777777777 0.003429687500000078 0.0060972222222222035
1 0.4266640625 0.39438888888888884 0.005351562499999929 0.009138888888888946
1 0.4441171875 0.3772638888888889 0.0059921875000000565 0.00990277777777777
1 0.475703125 0.4042916666666666 0.005351562499999929 0.012944444444444514
1 0.48180468750000005 0.4021944444444444 0.005570312500000086 0.011805555555555555
3 0.47238281249999997 0.3782083333333333 0.008140625000000058 0.007999999999999988
3 0.504828125 0.4071388888888889 0.010921875000000015 0.014847222222222298
3 0.519390625 0.38201388888888893 0.005351562499999929 0.013319444444444488
1 0.4856640625 0.38640277777777776 0.008992187499999993 0.012944444444444514
2 0.4875859375 0.35574999999999996 0.008992187499999993 0.011041666666666729
2 0.5311640625 0.3774444444444444 0.011351562499999978 0.017125000000000057
2 0.5267734374999999 0.3900138888888889 0.00385156250000005 0.007999999999999988
2 0.5441171875 0.3787777777777778 0.00385156250000005 0.003805555555555568
2 0.5413359375 0.376875 0.002999999999999936 0.0060972222222222035
2 0.43908593749999997 0.40315277777777775 0.006640625 0.010652777777777721
2 0.43865625 0.3829722222222222 0.005781250000000071 0.008374999999999962
2 0.45675 0.427125 0.006421875000000021 0.00990277777777777
2 0.4789140625 0.4292222222222222 0.007492187499999936 0.011041666666666729
3 0.521953125 0.44730555555555557 0.011351562499999978 0.020555555555555494
2 0.4913359375 0.3416666666666667 0.004499999999999993 0.006472222222222257
2 0.5041796875 0.38772222222222225 0.004499999999999993 0.012569444444444381
2 0.49615625 0.3947777777777778 0.005140624999999943 0.0060972222222222035
1 0.5094296875000001 0.3675555555555555 0.009851562499999921 0.01865277777777771
0 0.40364843749999996 0.3243472222222222 0.020984374999999923 0.09059722222222225
2 0.47581249999999997 0.36906944444444445 0.004710937499999979 0.008749999999999937