0 0.57040625 0.41970833333333335 0.04880468750000002 0.1779722222222222
2 0.5651875000000001 0.6411388888888889 0.03659374999999994 0.05743055555555559
2 0.40711718750000003 0.5696388888888889 0.01780468749999997 0.028125
2 0.496953125 0.5514722222222223 0.01813281250000003 0.03398611111111115
2 0.40415625000000005 0.4134583333333333 0.005937499999999929 0.009958333333333276
2 0.40151562500000004 0.37625 0.0052734375 0.009375
2 0.399703125 0.3668611111111111 0.008242187499999965 0.011722222222222299
2 0.412890625 0.35133333333333333 0.010218749999999943 0.014652777777777794
2 0.420640625 0.36334722222222227 0.004617187500000064 0.00820833333333329
2 0.4214609375 0.3486944444444445 0.0036250000000000782 0.003513888888888851
2 0.4181640625 0.34605555555555556 0.0016484374999999219 0.011138888888888863
2 0.406625 0.39206944444444447 0.004945312499999943 0.009375
1 0.4821171875 0.5983611111111111 0.02472656250000007 0.037513888888888874
1 0.47222656250000006 0.45037499999999997 0.013515624999999965 0.027541666666666725
3 0.46365625 0.39909722222222227 0.009562500000000007 0.014069444444444438
1 0.4379453125 0.35484722222222226 0.014835937500000007 0.020513888888888863
3 0.4217890625 0.38093055555555555 0.006921874999999922 0.0210972222222223
1 0.4386015625 0.37800000000000006 0.008242187499999965 0.01288888888888885
0 0.4130546875 0.3697916666666667 0.005937499999999929 0.01875
0 0.4011875 0.34137499999999993 0.00857031250000002 0.031055555555555576
0 0.423109375 0.40613888888888894 0.004289062500000007 0.011722222222222299
0 0.41404687500000004 0.39381944444444444 0.006593750000000042 0.014069444444444438
0 0.43481249999999994 0.3917777777777778 0.005937499999999929 0.009958333333333276
1 0.3965703125 0.38884722222222223 0.0046171874999999755 0.009958333333333276
3 0.4072890625 0.36100000000000004 0.004289062500000007 0.01875
0 0.52909375 0.41668055555555555 0.01450781249999995 0.011722222222222299
0 0.48986718749999997 0.4131666666666667 0.01121093749999993 0.019930555555555587
0 0.43118749999999995 0.5338888888888889 0.010546875 0.032819444444444436
0 0.45278124999999997 0.3554444444444444 0.010218749999999943 0.026375000000000013