1 0.4493125 0.45305555555555554 0.030749999999999923 0.03606944444444448
1 0.5454453125 0.5669722222222222 0.03520312499999996 0.06468055555555563
1 0.5720156249999999 0.4188055555555556 0.008796874999999992 0.013236111111111074
1 0.6246484375 0.48559722222222224 0.006093749999999965 0.013236111111111074
1 0.6161875 0.4496388888888889 0.0047421874999999504 0.007527777777777721
1 0.5501015625 0.3866111111111111 0.006601562500000035 0.01083333333333327
1 0.516078125 0.42 0.007273437499999957 0.01263888888888892
1 0.6053515625 0.3527638888888889 0.0027109375000000215 0.005111111111111121
1 0.6087343749999999 0.39758333333333334 0.003726562499999986 0.008125000000000032
1 0.6375078125 0.39006944444444447 0.007109374999999929 0.017749999999999964
1 0.571 0.37698611111111113 0.006429687500000014 0.007222222222222285
1 0.5723515625 0.4706944444444444 0.010828124999999921 0.014138888888888819
0 0.45592187500000003 0.41865277777777776 0.014554687500000085 0.036999999999999984
0 0.50440625 0.37456944444444445 0.010320312500000029 0.009027777777777777
0 0.52234375 0.38434722222222223 0.0062578124999999925 0.008722222222222185
0 0.5238671874999999 0.40044444444444444 0.011335937499999994 0.019861111111111048
0 0.527421875 0.44602777777777775 0.008632812499999965 0.01654166666666662
0 0.529875 0.5147777777777778 0.010828124999999921 0.01925000000000002
0 0.6219375 0.44437499999999996 0.0030468750000000712 0.012027777777777733
0 0.6330234375 0.4141388888888889 0.0038906250000000143 0.012333333333333326
0 0.6242265625 0.41579166666666667 0.008968750000000015 0.011430555555555581
0 0.6188046875000001 0.3835972222222222 0.005585937500000071 0.013833333333333383
0 0.6008671875 0.35005555555555556 0.0038906250000000143 0.005111111111111121
0 0.5985859375 0.36915277777777783 0.008125000000000071 0.01865277777777771
0 0.5768359375000001 0.38449999999999995 0.0038906250000000143 0.01263888888888892
0 0.601546875 0.3962361111111111 0.005585937500000071 0.010236111111111118
0 0.5381640625 0.3402777777777778 0.01557031250000005 0.06318055555555557
0 0.590125 0.5040972222222222 0.01218749999999993 0.03580555555555552
0 0.5766640625 0.43459722222222225 0.006937500000000085 0.017749999999999964
1 0.5364765625000001 0.4257222222222222 0.010828124999999921 0.013833333333333383
3 0.513203125 0.48830555555555555 0.016757812500000035 0.03369444444444443
3 0.607046875 0.3866111111111111 0.007445312499999979 0.007819444444444438
3 0.5984140625000001 0.39443055555555556 0.006429687500000014 0.010236111111111118
3 0.604171875 0.49822222222222223 0.01015625 0.0216666666666667
0 0.63759375 0.49115277777777777 0.0076171875 0.012333333333333326
0 0.6055234375 0.4512916666666667 0.00541406250000005 0.01083333333333327
2 0.611703125 0.45475000000000004 0.0038906250000000143 0.006319444444444381
2 0.48316406250000005 0.49627777777777776 0.019289062500000044 0.02677777777777774
0 0.48773437499999994 0.5451666666666667 0.024031249999999994 0.06558333333333337
2 0.502375 0.4637777777777778 0.008632812499999965 0.01654166666666662
2 0.5876718750000001 0.4309861111111111 0.013367187499999923 0.01293055555555548
2 0.5425703125 0.46784722222222225 0.01218749999999993 0.016847222222222215
2 0.5328359375 0.41548611111111106 0.0038906250000000143 0.009027777777777777
2 0.623125 0.5356805555555556 0.014554687500000085 0.017749999999999964
2 0.612125 0.48573611111111115 0.006765625000000064 0.009930555555555524
2 0.6303124999999999 0.4735555555555555 0.006937500000000085 0.008430555555555625
2 0.6111093750000001 0.40601388888888884 0.0043984375000000854 0.006916666666666692
2 0.618046875 0.40284722222222225 0.00541406250000005 0.006624999999999975
2 0.5839453125 0.3854027777777778 0.0038906250000000143 0.006013888888888945
2 0.5638046875 0.366 0.008289062499999921 0.011736111111111175
2 0.56346875 0.37608333333333327 0.00795312500000005 0.007819444444444438
2 0.5975703125 0.35201388888888885 0.003726562499999986 0.006624999999999975
1 0.551875 0.36313888888888884 0.005078125 0.007222222222222285