1 0.582234375 0.5166111111111111 0.023031250000000014 0.04838888888888893
1 0.48628906250000004 0.4545138888888889 0.009328125000000043 0.01218055555555553
1 0.5638671875 0.3896944444444444 0.0076171875 0.00777777777777781
1 0.577953125 0.4162638888888889 0.005710937499999957 0.01218055555555553
1 0.6272578125 0.45908333333333334 0.016750000000000043 0.02944444444444451
1 0.5442578124999999 0.43013888888888885 0.0072343749999999925 0.011499999999999962
1 0.5068515625 0.3705833333333333 0.005140624999999943 0.006763888888888895
1 0.5174140625 0.37548611111111113 0.00532812499999995 0.00643055555555555
1 0.4883828125 0.36601388888888886 0.004757812499999936 0.0030416666666667424
1 0.47572656249999995 0.3644861111111111 0.006468749999999979 0.005416666666666635
1 0.4604921875 0.4220138888888889 0.0076171875 0.0060972222222222035
1 0.542921875 0.41237500000000005 0.006093749999999965 0.009138888888888946
1 0.5113203125 0.407125 0.005710937499999957 0.008125000000000032
1 0.5055156249999999 0.4276111111111111 0.00552343749999995 0.004402777777777721
0 0.5330234375 0.4182916666666667 0.005710937499999957 0.01218055555555553
0 0.553203125 0.3531527777777778 0.012562499999999944 0.059222222222222204
0 0.5391171875 0.38326388888888885 0.006468749999999979 0.008458333333333377
0 0.457828125 0.3792083333333333 0.006851562499999986 0.0071111111111111175
0 0.45716406249999997 0.37125 0.0032343750000000783 0.0060972222222222035
0 0.47962499999999997 0.42184722222222226 0.005140624999999943 0.009138888888888946
0 0.5245546875 0.4188055555555556 0.006281249999999972 0.009138888888888946
0 0.50209375 0.3957916666666667 0.0032343750000000783 0.010486111111111049
0 0.534265625 0.4479166666666667 0.006664062499999979 0.022680555555555613
0 0.5309296875 0.5100138888888889 0.019796874999999936 0.05550000000000005
0 0.628109375 0.4174583333333333 0.011234375000000085 0.02876388888888894
0 0.6396328125 0.48040277777777773 0.007992187500000015 0.04569444444444441
0 0.5855625 0.3935972222222222 0.005710937499999957 0.013541666666666667
0 0.5949921875 0.41727777777777775 0.006281249999999972 0.019624999999999993
0 0.601078125 0.4580694444444445 0.005140624999999943 0.013194444444444444
0 0.56853125 0.42947222222222226 0.005140624999999943 0.014888888888888927
0 0.428140625 0.3771527777777778 0.0043906249999999146 0.01236111111111108
0 0.407734375 0.3631666666666667 0.004210937500000078 0.013013888888888896
1 0.42210156249999997 0.3734166666666667 0.005492187499999979 0.008138888888888907
3 0.41990625000000004 0.3782916666666667 0.010617187499999936 0.009430555555555505
3 0.39876562500000007 0.3659305555555556 0.008601562499999993 0.01204166666666661
1 0.415234375 0.3538888888888889 0.009703125000000057 0.01594444444444447
1 0.506578125 0.3778055555555555 0.004945312499999943 0.005861111111111149
3 0.506390625 0.3854444444444444 0.007507812499999922 0.007486111111111092
3 0.494859375 0.4391388888888889 0.011531249999999993 0.013347222222222241
3 0.5836406249999999 0.46891666666666665 0.018851562500000085 0.020819444444444456
3 0.5604843749999999 0.4249861111111111 0.006953125000000071 0.009111111111111035
3 0.4258515625 0.44240277777777776 0.010070312500000077 0.010083333333333321
2 0.47033593749999997 0.43850000000000006 0.005304687499999972 0.008138888888888907
2 0.49056249999999996 0.4270972222222222 0.004757812499999936 0.011388888888888952
2 0.43665624999999997 0.3721111111111111 0.006039062500000014 0.007486111111111092
2 0.44232812499999996 0.38025 0.004578124999999922 0.006833333333333276
2 0.4888203125 0.37194444444444447 0.004578124999999922 0.005208333333333333
2 0.532296875 0.38025 0.004757812499999936 0.006833333333333276
2 0.5325703125000001 0.40627777777777774 0.0038437500000000568 0.005527777777777803
2 0.5489531249999999 0.4166944444444444 0.004757812499999936 0.007486111111111092
2 0.527078125 0.440125 0.007507812499999922 0.006180555555555619
2 0.5164609375 0.405625 0.004945312499999943 0.006180555555555619
2 0.5516015624999999 0.44793055555555555 0.006039062500000014 0.01398611111111118
2 0.5863828125 0.4270972222222222 0.006039062500000014 0.01204166666666661
2 0.57659375 0.39065277777777774 0.005859375 0.008138888888888907
2 0.6121953125 0.48648611111111106 0.017757812500000015 0.024736111111111035
2 0.561125 0.47380555555555554 0.008968750000000015 0.01236111111111108
2 0.46218750000000003 0.41165277777777776 0.004023437500000071 0.008458333333333377
2 0.49604687500000005 0.40741666666666665 0.006226562500000021 0.009111111111111035
0 0.5075859375 0.39961111111111114 0.0036640625000000427 0.005861111111111149
0 0.50309375 0.4202638888888889 0.004578124999999922 0.008138888888888907