2 0.5734296875 0.5035 0.014828125000000015 0.017208333333333315
2 0.54378125 0.40795833333333337 0.00864843749999995 0.017208333333333315
2 0.48150000000000004 0.43943055555555555 0.007203125000000021 0.012083333333333397
2 0.453703125 0.4560972222222222 0.013796875000000064 0.027819444444444407
2 0.5158828125 0.44437499999999996 0.009679687500000079 0.012444444444444496
2 0.581046875 0.4668888888888889 0.00658593750000005 0.010611111111111092
2 0.6054453125 0.4615833333333333 0.004320312499999979 0.00951388888888892
2 0.5924765625 0.4436527777777778 0.004320312499999979 0.005125000000000076
2 0.5729140625 0.37024999999999997 0.007203125000000021 0.008416666666666591
2 0.571578125 0.378125 0.005351562499999929 0.0065833333333333455
2 0.6218203124999999 0.4035694444444444 0.005765625000000085 0.006958333333333321
2 0.5887734375 0.3865416666666667 0.004734374999999957 0.005861111111111149
2 0.5841406250000001 0.42937499999999995 0.007000000000000029 0.007319444444444419
2 0.6053437500000001 0.35395833333333326 0.0028828125000000425 0.005861111111111149
0 0.5099140625 0.37226388888888884 0.011734374999999986 0.008791666666666724
0 0.4508203125 0.40191666666666664 0.009265624999999921 0.033680555555555554
0 0.44114062499999995 0.4815277777777778 0.018734375000000015 0.04868055555555549
0 0.4915859375 0.4734722222222222 0.00803124999999998 0.02233333333333339
0 0.61409375 0.5333333333333333 0.018734375000000015 0.03220833333333341
0 0.6335546875 0.64575 0.01853125000000002 0.11504166666666672
0 0.5530234375 0.47220833333333334 0.0072265625 0.026930555555555537
0 0.574703125 0.45418055555555553 0.005828125000000029 0.014916666666666679
0 0.56678125 0.44361111111111107 0.005828125000000029 0.01865277777777771
0 0.594984375 0.4703333333333333 0.008156250000000042 0.014916666666666679
0 0.5314609375 0.4085972222222222 0.006523437499999929 0.015750000000000045
0 0.519578125 0.3934722222222222 0.004195312499999914 0.014500000000000075
0 0.524234375 0.37958333333333333 0.005124999999999958 0.011597222222222254
0 0.50896875 0.4295277777777778 0.0072265625 0.017819444444444502
0 0.582859375 0.3839444444444444 0.0053593749999999215 0.012013888888888857
0 0.6096640625 0.3532777777777778 0.0035000000000000144 0.006222222222222248
0 0.5466171875 0.343125 0.01911718750000002 0.058013888888888865
0 0.6281953125 0.3870416666666667 0.007460937499999964 0.01740277777777774
0 0.63565625 0.4162638888888889 0.005593750000000064 0.008708333333333308
0 0.6196875000000001 0.3903611111111111 0.004898437499999986 0.0099444444444444
0 0.604421875 0.39658333333333334 0.005593750000000064 0.010777777777777765
0 0.6090859375 0.43698611111111113 0.004195312499999914 0.010361111111111161
0 0.601390625 0.44029166666666664 0.005124999999999958 0.010361111111111161
0 0.6230703125 0.4154305555555556 0.006062499999999993 0.012013888888888857
2 0.611765625 0.4090138888888889 0.005828125000000029 0.008291666666666704
1 0.6124609375000001 0.3990694444444444 0.005828125000000029 0.0099444444444444
1 0.61328125 0.35783333333333334 0.005124999999999958 0.007041666666666736
1 0.5638671875 0.3663194444444444 0.0032656250000000497 0.004972222222222279
1 0.5797109375 0.37855555555555553 0.003726562499999986 0.008708333333333308
1 0.5375234375 0.39719444444444446 0.007460937499999964 0.012013888888888857
1 0.4379921875 0.4233055555555555 0.018179687499999986 0.031902777777777815
1 0.48764062499999994 0.5076388888888889 0.027507812500000027 0.04972222222222216
1 0.5996406249999999 0.5084583333333333 0.011421874999999915 0.02652777777777781
1 0.5465 0.44879166666666664 0.008624999999999971 0.015750000000000045
1 0.5527890625 0.38413888888888886 0.006757812500000071 0.008291666666666704
3 0.6146796875 0.38787499999999997 0.006062499999999993 0.009111111111111035
3 0.6022109375 0.3976111111111111 0.0072265625 0.011194444444444368
3 0.5681796875 0.4761388888888889 0.010953124999999985 0.01740277777777774
0 0.6073359375 0.4742777777777778 0.010023437499999944 0.014500000000000075