2 0.458828125 0.5415416666666667 0.012031250000000071 0.017819444444444502
2 0.401875 0.5461666666666667 0.013632812500000036 0.01995833333333334
2 0.4086953125 0.43815277777777784 0.01283593750000005 0.022097222222222178
2 0.4193203125 0.4181805555555555 0.016445312499999965 0.017819444444444502
2 0.5248046875 0.5076666666666666 0.010023437499999944 0.01995833333333334
2 0.47787499999999994 0.4720138888888889 0.008421874999999978 0.009986111111111187
2 0.4337578125 0.4545555555555555 0.010828124999999921 0.014972222222222184
0 0.457625 0.39572222222222225 0.013632812500000036 0.03993055555555555
0 0.60421875 0.44206944444444446 0.008421874999999978 0.021388888888888857
0 0.5835625 0.4559722222222222 0.01283593750000005 0.022097222222222178
0 0.4911171875 0.47308333333333336 0.006820312500000014 0.014972222222222184
0 0.500140625 0.4538333333333333 0.008023437499999985 0.01925000000000002
0 0.412703125 0.49019444444444443 0.011226562499999915 0.02780555555555553
0 0.42253125 0.6103472222222222 0.012429687500000064 0.03137500000000004
0 0.41851562500000006 0.5800416666666667 0.010828124999999921 0.032083333333333366
0 0.454015625 0.4845 0.008023437499999985 0.012125000000000025
1 0.4313515625 0.39608333333333334 0.018046874999999928 0.026375000000000013
1 0.48148437499999996 0.4331527777777778 0.015640624999999984 0.01925000000000002
1 0.42153124999999997 0.5450972222222222 0.010429687499999929 0.020680555555555535
1 0.39866406249999997 0.4631111111111111 0.013632812500000036 0.01925000000000002
1 0.63690625 0.5044583333333333 0.015242187499999994 0.02780555555555553
1 0.5221953125 0.47736111111111107 0.013632812500000036 0.016402777777777704
1 0.45461718749999996 0.47451388888888885 0.008421874999999978 0.006416666666666673
3 0.4702578125 0.44848611111111114 0.017249999999999942 0.024236111111111173
3 0.5402421875 0.450625 0.015242187499999994 0.024236111111111173
3 0.3980625 0.4203194444444444 0.012429687500000064 0.016402777777777704