0 0.622046875 0.4247222222222222 0.04935937500000005 0.22144444444444436
0 0.5861796874999999 0.42575 0.020054687500000057 0.02056944444444437
0 0.47897656250000004 0.5200277777777778 0.006945312500000078 0.025361111111111098
0 0.40242187500000004 0.4864305555555556 0.013499999999999979 0.028111111111111125
0 0.5458828125 0.417875 0.006554687500000078 0.01988888888888896
0 0.515609375 0.3568472222222222 0.006945312500000078 0.021249999999999936
0 0.40415625000000005 0.34862499999999996 0.007710937499999915 0.029486111111111137
0 0.4101328125 0.3537638888888889 0.00424218750000005 0.019194444444444434
0 0.47087500000000004 0.3441666666666667 0.006171875000000071 0.02056944444444445
0 0.4783984375 0.3654166666666667 0.0034687500000000425 0.01370833333333334
0 0.478203125 0.38941666666666663 0.0038593750000000425 0.01370833333333334
0 0.44310937499999997 0.3777638888888889 0.0038593750000000425 0.009597222222222177
0 0.403390625 0.39695833333333336 0.006945312500000078 0.01370833333333334
0 0.4338515625 0.3787916666666667 0.0030859375000000357 0.013027777777777772
0 0.45834374999999994 0.38393055555555555 0.005781250000000071 0.009597222222222177
0 0.49497656250000005 0.39079166666666665 0.005781250000000071 0.008222222222222166
0 0.4500078125 0.32293055555555555 0.002132812500000014 0.006500000000000009
0 0.4081015625 0.3746805555555555 0.004875000000000007 0.008125000000000032
0 0.4131875 0.3954305555555555 0.0047499999999999435 0.010208333333333364