0 0.4635703125 0.38169444444444445 0.014640625000000008 0.05379166666666669
0 0.5211484375000001 0.33094444444444443 0.015617187500000008 0.03209722222222224
0 0.542375 0.37866666666666665 0.021960937499999923 0.02862500000000002
1 0.4240390625 0.3175 0.018539062500000016 0.036430555555555584
1 0.4230703125 0.36477777777777776 0.03122656250000002 0.05465277777777781
1 0.5309062499999999 0.2650138888888889 0.012687500000000008 0.013013888888888896
1 0.5604296875 0.2767361111111111 0.008296874999999915 0.015611111111111124
1 0.6321640625 0.35827777777777775 0.012195312499999921 0.019083333333333345
2 0.47113281249999994 0.32054166666666667 0.020007812499999923 0.033833333333333354
2 0.49894531249999996 0.3825694444444444 0.018054687499999923 0.02429166666666668
2 0.57165625 0.3127361111111111 0.015124999999999921 0.01995833333333334
2 0.620203125 0.37345833333333334 0.009757812500000008 0.01822222222222223
3 0.6382578125 0.42159722222222223 0.009757812500000008 0.029500000000000012