0 0.5727734375 0.4618055555555556 0.06955468749999998 0.22620833333333334
0 0.52975 0.43572222222222223 0.01780468749999997 0.015819444444444424
0 0.48557812499999997 0.43045833333333333 0.01450781249999995 0.021680555555555574
0 0.45657031249999996 0.3589583333333333 0.009226562499999957 0.031055555555555576
0 0.40992187500000005 0.3692083333333333 0.008898437500000078 0.015236111111111148
0 0.4025078125 0.39822222222222226 0.004617187500000064 0.014652777777777714
0 0.40234375 0.33873611111111107 0.012195312499999921 0.028125
3 0.4572265625 0.4093611111111111 0.009890625000000064 0.018166666666666723
1 0.415359375 0.3859166666666667 0.00857031250000002 0.01700000000000001
1 0.43415625 0.38269444444444445 0.005937499999999929 0.017583333333333288
1 0.4433828125 0.3551388888888889 0.01648437499999993 0.02226388888888885
1 0.45590624999999996 0.48115277777777776 0.01978124999999995 0.025791666666666737
1 0.4214609375 0.7363750000000001 0.03197656250000005 0.060361111111111164
1 0.4097578125 0.41580555555555554 0.006593750000000042 0.01700000000000001
0 0.4280546875 0.39909722222222227 0.006921874999999922 0.01288888888888885
2 0.3944296875 0.3797638888888889 0.0069218750000000105 0.009375
2 0.3980546875 0.3964583333333333 0.004945312499999943 0.009958333333333276
2 0.39558593750000004 0.36774999999999997 0.007249999999999979 0.012305555555555575
2 0.41354687500000004 0.3495833333333333 0.008242187499999965 0.022861111111111162
2 0.41915625 0.3627638888888889 0.004289062500000007 0.011722222222222299
2 0.4234375 0.34929166666666667 0.004289062500000007 0.005861111111111149
2 0.4203046875 0.34488888888888886 0.0019765624999999788 0.007625000000000013
2 0.45260937500000004 0.6555 0.029007812500000084 0.0533333333333333