1 0.585328125 0.48551388888888886 0.015203125000000029 0.023069444444444462
1 0.40121874999999996 0.44530555555555557 0.014835937500000007 0.017805555555555626
1 0.39473437499999997 0.4726666666666667 0.009273437500000004 0.026375000000000013
3 0.47871874999999997 0.44597222222222227 0.016312500000000084 0.01384722222222226
0 0.5436171875 0.41959722222222223 0.010382812499999972 0.021749999999999957
0 0.5267421875 0.4420138888888889 0.01001562499999995 0.020430555555555605
0 0.422546875 0.4973888888888889 0.010749999999999992 0.02570833333333332
0 0.42921875 0.46969444444444447 0.015945312500000065 0.02570833333333332
2 0.39621875 0.5066111111111111 0.009273437500000004 0.020430555555555605
2 0.46852343750000003 0.5359444444444444 0.012976562499999922 0.017138888888888933
1 0.4599921875 0.5023333333333333 0.013718749999999957 0.025055555555555505
0 0.6322421874999999 0.4133333333333334 0.02150781249999998 0.11602777777777773