2 0.5888515625 0.34770833333333334 0.00658593750000005 0.010736111111111137
2 0.5384218749999999 0.36300000000000004 0.005304687499999972 0.008791666666666724
2 0.5225 0.3965138888888889 0.005671874999999993 0.010736111111111137
2 0.58409375 0.39244444444444443 0.0021953124999999573 0.005861111111111149
2 0.5719218749999999 0.415875 0.0034765625000000356 0.005208333333333333
2 0.5959921875 0.4127916666666666 0.005124999999999958 0.004874999999999987
2 0.5669765625000001 0.3765 0.004210937500000078 0.003902777777777702
2 0.6311875 0.37483333333333335 0.005562499999999915 0.0065833333333333455
2 0.620171875 0.3768472222222222 0.003296875000000021 0.004763888888888819
2 0.6195546875 0.3299861111111111 0.002062500000000078 0.004763888888888898
2 0.6025703124999999 0.3614722222222222 0.005148437499999936 0.007680555555555518
2 0.5359609375 0.39240277777777777 0.0041171874999999854 0.010249999999999993
2 0.5889765625 0.40319444444444447 0.004734374999999957 0.004763888888888819
0 0.5611796874999999 0.32193055555555555 0.012562499999999944 0.05893055555555556
1 0.5809453125 0.3464583333333333 0.004734374999999957 0.006958333333333321
1 0.5655078125 0.3592777777777778 0.004734374999999957 0.008416666666666591
1 0.6277890625 0.33181944444444444 0.003703125000000007 0.0040277777777777465
0 0.625109375 0.32906944444444447 0.0028828125000000425 0.004388888888888924
0 0.530296875 0.3618333333333333 0.003914062499999993 0.012083333333333397
0 0.641484375 0.36091666666666666 0.002265625000000071 0.013902777777777766
0 0.6320078125 0.3645833333333333 0.005968750000000078 0.008055555555555493
0 0.6271718749999999 0.3504861111111111 0.003703125000000007 0.015013888888888893
0 0.612859375 0.37024999999999997 0.004734374999999957 0.007680555555555518
0 0.6057578125 0.3989861111111111 0.005351562499999929 0.012444444444444496
0 0.5977265625 0.3995416666666667 0.005765625000000085 0.012805555555555594
0 0.5952578125 0.42277777777777775 0.005765625000000085 0.008055555555555493
0 0.569828125 0.40668055555555555 0.003914062499999993 0.012444444444444496
0 0.5644765625 0.3977083333333334 0.0026796875000000497 0.012805555555555594
0 0.557265625 0.39166666666666666 0.003914062499999993 0.012444444444444496
0 0.55078125 0.3784861111111111 0.003296875000000021 0.007319444444444419
1 0.5506796875 0.3902083333333333 0.006382812500000057 0.0065833333333333455
1 0.5447109375 0.4030138888888889 0.009679687500000079 0.012444444444444496
1 0.580640625 0.43486111111111114 0.010703125000000036 0.004388888888888845
3 0.5601484375 0.4205833333333333 0.0076171875 0.013902777777777766
0 0.47339062500000006 0.36641666666666667 0.00864843749999995 0.025625000000000064
0 0.518171875 0.39075 0.005968750000000078 0.01573611111111117
1 0.5858125000000001 0.4183888888888889 0.005351562499999929 0.010249999999999993
2 0.586015625 0.35561111111111116 0.0041171874999999854 0.006958333333333321
1 0.624109375 0.3697083333333333 0.003703125000000007 0.008055555555555493
3 0.6284296875 0.3631111111111111 0.008234374999999971 0.00951388888888892
3 0.6396484375 0.40831944444444446 0.0076171875 0.009152777777777822
1 0.6413984375 0.3995416666666667 0.00658593750000005 0.010611111111111092
1 0.6432578125 0.3925833333333334 0.0028828125000000425 0.007680555555555518
0 0.64109375 0.3845277777777778 0.004734374999999957 0.008416666666666591
0 0.5941484375 0.35854166666666665 0.0035000000000000144 0.010611111111111092