2 0.603609375 0.5054166666666666 0.011921874999999993 0.025166666666666674
2 0.49984375 0.4421527777777778 0.013039062500000042 0.027152777777777713
2 0.5216406250000001 0.4308888888888889 0.0067031249999999435 0.009930555555555524
2 0.5542421875 0.44413888888888886 0.01378906250000007 0.013916666666666641
2 0.5814453125 0.4133333333333334 0.007078124999999958 0.01324999999999995
2 0.6216796875 0.3838611111111111 0.005585937500000071 0.012583333333333257
2 0.618140625 0.39213888888888887 0.004468750000000021 0.005305555555555625
2 0.6373359375 0.4034027777777778 0.0041015625 0.009277777777777708
2 0.62578125 0.4421527777777778 0.0033515624999999718 0.009930555555555524
2 0.6151640625 0.4779166666666667 0.008945312500000035 0.009930555555555524
1 0.4868046875 0.4159861111111111 0.016765625000000027 0.027819444444444407
1 0.575296875 0.40208333333333335 0.008195312500000006 0.010597222222222216
1 0.5274140625 0.48123611111111114 0.020492187500000016 0.02318055555555563
1 0.5833046875 0.4544027777777778 0.013039062500000042 0.014569444444444458
1 0.6289453125 0.5160138888888889 0.01714062500000004 0.019874999999999924
1 0.6324921875 0.47990277777777773 0.012296875000000007 0.013916666666666641
1 0.6265234375000001 0.39379166666666665 0.0063359374999999215 0.008611111111111173
1 0.6300703125 0.45208333333333334 0.00521875000000005 0.011263888888888908
1 0.58646875 0.43354166666666666 0.0067031249999999435 0.008611111111111173
0 0.58703125 0.47394444444444445 0.007828124999999986 0.02052777777777774
0 0.4979765625 0.3980972222222222 0.013039062500000042 0.030472222222222296
0 0.593921875 0.3567083333333333 0.021609375000000063 0.06027777777777775
0 0.56765625 0.38916666666666666 0.00857031250000002 0.011263888888888908
0 0.5542421875 0.37756944444444446 0.0063359374999999215 0.006624999999999975
0 0.5488359375 0.4279166666666667 0.0067031249999999435 0.01722222222222219
0 0.56803125 0.4086944444444444 0.0033515624999999718 0.01324999999999995
0 0.60584375 0.4507638888888889 0.004468750000000021 0.01788888888888888
0 0.6382656250000001 0.5431666666666667 0.010429687499999929 0.025166666666666674
0 0.5935546875 0.4345277777777778 0.00521875000000005 0.009277777777777708
0 0.6300703125 0.3994305555555555 0.005960937500000085 0.007944444444444483
1 0.6105078125000001 0.38120833333333337 0.0041015625 0.007291666666666667
1 0.5956015625 0.395125 0.00857031250000002 0.011263888888888908
0 0.6123671875000001 0.46334722222222224 0.0063359374999999215 0.012583333333333257
3 0.603984375 0.47990277777777773 0.009687500000000071 0.016555555555555497
3 0.52425 0.4457916666666667 0.012671875000000022 0.019874999999999924
0 0.5276015625 0.46169444444444446 0.0067031249999999435 0.015902777777777842