1 0.479515625 0.6398611111111111 0.021695312499999987 0.04566666666666666
1 0.45639843750000003 0.39629166666666665 0.007421875 0.009138888888888946
1 0.4766640625 0.3952777777777778 0.004570312499999929 0.011166666666666616
3 0.47780468750000005 0.4160833333333333 0.01027343750000007 0.010152777777777702
3 0.477234375 0.40745833333333337 0.005710937499999957 0.009138888888888946
3 0.5208984375 0.4328333333333333 0.006281249999999972 0.013194444444444444
3 0.6242265625 0.5535972222222222 0.015414062500000015 0.0314583333333333
3 0.609953125 0.47291666666666665 0.016554687500000043 0.016236111111111187
3 0.639640625 0.435375 0.008562500000000028 0.01420833333333336
3 0.575421875 0.4216666666666667 0.009132812500000042 0.011166666666666616
2 0.41028125 0.41104166666666664 0.006765625000000064 0.010513888888888958
2 0.3952109375 0.47866666666666663 0.008171875000000028 0.016527777777777745
2 0.5390625 0.48543055555555553 0.005070312500000007 0.01001388888888894
2 0.5286328124999999 0.44634722222222223 0.004507812499999986 0.01001388888888894
2 0.60584375 0.3804722222222222 0.0039453124999999645 0.00951388888888892
2 0.473125 0.39225000000000004 0.003382812499999943 0.006013888888888945
2 0.614296875 0.4380833333333334 0.0073281250000000854 0.012527777777777752
2 0.581609375 0.4100277777777778 0.006203125000000043 0.011527777777777715
2 0.562875 0.42105555555555557 0.0036640625000000427 0.005513888888888927
2 0.58090625 0.4681388888888889 0.004789062500000085 0.007513888888888844
0 0.513 0.3584861111111111 0.019742187499999987 0.09324999999999999
0 0.4881796875 0.39358333333333334 0.015226562500000007 0.019055555555555593
0 0.611421875 0.6437638888888889 0.037226562500000074 0.04612500000000005
0 0.606625 0.500875 0.010718750000000022 0.017041666666666642
0 0.6258046875 0.4502361111111111 0.010718750000000022 0.018055555555555554
0 0.6303203125 0.42666666666666664 0.009585937499999985 0.015041666666666724
1 0.6252421874999999 0.41262499999999996 0.016359375000000044 0.023069444444444462
1 0.5655390625 0.49899999999999994 0.004320312499999979 0.016555555555555497
1 0.5771796874999999 0.45525 0.006320312499999936 0.007097222222222241
1 0.601125 0.4490416666666667 0.007648437499999971 0.011236111111111155
1 0.55040625 0.42006944444444444 0.006648437499999993 0.011236111111111155
1 0.535609375 0.43604166666666666 0.006320312499999936 0.010055555555555568
0 0.41588281250000003 0.45702777777777776 0.0123046875 0.022472222222222154
0 0.565875 0.4354444444444444 0.006320312499999936 0.015958333333333345
0 0.5686953124999999 0.4531805555555556 0.007984375000000021 0.008874999999999982
0 0.61559375 0.37956944444444446 0.004656250000000028 0.005916666666666654
1 0.6111015625 0.38666666666666666 0.008976562500000007 0.010638888888888845
1 0.566203125 0.40647222222222223 0.008312500000000079 0.012416666666666742
1 0.57684375 0.3881527777777778 0.007648437499999971 0.021875
2 0.45462499999999995 0.40706944444444443 0.0073203124999999146 0.01477777777777776