3 0.5172656250000001 0.6360972222222222 0.04301562499999996 0.08111111111111108
1 0.4762109375 0.5024722222222222 0.020859375000000034 0.030125000000000075
1 0.49989062500000003 0.4514861111111111 0.012601562500000085 0.02858333333333339
1 0.467296875 0.3769444444444444 0.008257812499999951 0.015444444444444452
1 0.4412265625 0.36304166666666665 0.0056484375000000146 0.006180555555555619
1 0.458828125 0.3661388888888889 0.005210937500000057 0.006180555555555619
1 0.49097656250000005 0.387375 0.007820312499999992 0.011583333333333378
1 0.6152421875 0.5986388888888888 0.04345312499999991 0.07879166666666669
1 0.45187499999999997 0.43875 0.006953125000000071 0.009263888888888832
1 0.41820312499999995 0.4858611111111111 0.00912500000000005 0.01236111111111108
1 0.467515625 0.38891666666666663 0.009562500000000007 0.014680555555555625
2 0.43874218750000005 0.5182361111111111 0.010140625000000014 0.017527777777777784
2 0.475375 0.5480416666666666 0.021414062500000063 0.031055555555555576
2 0.524546875 0.4435972222222222 0.013242187500000035 0.019541666666666735
2 0.5097578125 0.39225000000000004 0.006203125000000043 0.009013888888888901
2 0.45494531250000003 0.3737083333333333 0.0031015625000000214 0.00401388888888887
2 0.47270312499999995 0.3872361111111111 0.00929687500000007 0.009013888888888901
2 0.43042968750000005 0.4360833333333334 0.005914062499999951 0.015527777777777708
2 0.5573750000000001 0.7409166666666667 0.050718750000000055 0.0881666666666667
2 0.45973437500000003 0.6472361111111111 0.026773437499999986 0.03406944444444441
0 0.6346953125 0.4817638888888889 0.013289062499999994 0.047847222222222284
0 0.5155703125 0.4008333333333334 0.013625000000000043 0.013583333333333296
0 0.53284375 0.36893055555555554 0.031570312500000065 0.11047222222222217
0 0.407734375 0.3751388888888889 0.005320312499999957 0.009458333333333258
0 0.4029140625 0.3875416666666666 0.0069765625000000496 0.013000000000000018
0 0.43215624999999996 0.5600416666666667 0.016281249999999935 0.04016666666666661
0 0.5579375 0.6132083333333334 0.011296875000000029 0.03426388888888883
0 0.6317109375000001 0.7210277777777777 0.022593750000000058 0.10575000000000014
0 0.5213828125 0.5136666666666666 0.005984375000000064 0.03486111111111114
0 0.5360078125000001 0.4575416666666667 0.009304687500000065 0.021861111111111123
0 0.45027343750000004 0.41708333333333336 0.0033203125 0.01654166666666662
0 0.454921875 0.4285972222222222 0.004648437500000035 0.008861111111111104
0 0.46139843750000004 0.46611111111111114 0.0029921874999999432 0.01654166666666662