0 0.6166875 0.4698611111111111 0.015921875000000085 0.03611111111111111
0 0.515140625 0.36348611111111107 0.01701562499999998 0.12002777777777772
0 0.502515625 0.40008333333333335 0.015921875000000085 0.009763888888888851
0 0.434453125 0.41959722222222223 0.004937499999999951 0.009763888888888851
0 0.43801562499999996 0.4298472222222222 0.005492187499999979 0.016583333333333408
0 0.50690625 0.5127916666666666 0.012625000000000063 0.03611111111111111
0 0.5431328125 0.6079305555555555 0.012625000000000063 0.0370833333333334
0 0.41414062500000004 0.569875 0.019210937499999935 0.03902777777777781
0 0.4031640625 0.4786388888888889 0.008234374999999971 0.0185416666666667
0 0.6251953125 0.7201527777777778 0.04171875000000007 0.1073333333333333
1 0.6013124999999999 0.5913472222222222 0.03787500000000001 0.0780694444444445
1 0.4775390625 0.44741666666666663 0.017562500000000016 0.0185416666666667
1 0.47534375000000006 0.3854444444444444 0.008781250000000008 0.017569444444444412
1 0.42649218749999995 0.3693472222222222 0.007687499999999936 0.012680555555555549
1 0.445703125 0.368375 0.00658593750000005 0.014638888888888838
1 0.45009375 0.3830138888888889 0.008781250000000008 0.010736111111111137
1 0.45146875 0.39179166666666665 0.012625000000000063 0.010736111111111137
3 0.45201562500000003 0.4030138888888889 0.012625000000000063 0.01366666666666671
2 0.41414062500000004 0.4444861111111111 0.006039062500000014 0.0185416666666667
2 0.5052578125 0.44301388888888893 0.012625000000000063 0.021472222222222274
2 0.4399375 0.44691666666666663 0.014820312500000021 0.017569444444444412
2 0.4201796875 0.5249861111111112 0.01701562499999998 0.025374999999999974
2 0.4566796875 0.5562083333333334 0.023054687499999994 0.0370833333333334
2 0.541484375 0.7430833333333333 0.04775781250000009 0.09270833333333334
2 0.436921875 0.6620972222222222 0.018664062500000078 0.03220833333333341
2 0.4964765625 0.3893472222222222 0.007132812500000085 0.01366666666666671
0 0.564265625 0.46399999999999997 0.015367187500000056 0.02830555555555555
1 0.463265625 0.5045000000000001 0.016468749999999942 0.023416666666666686
1 0.50059375 0.6367222222222222 0.05050000000000008 0.06537500000000007