3 0.48303906249999995 0.49009722222222224 0.027328125000000016 0.03162499999999997
1 0.5526640625 0.5213333333333333 0.030367187499999913 0.06631944444444444
1 0.412328125 0.7245416666666666 0.035140625000000016 0.08097222222222215
1 0.40191406250000006 0.4179861111111111 0.010843750000000086 0.020055555555555632
1 0.47631249999999997 0.43302777777777773 0.02863281250000007 0.03470833333333335
0 0.5099296875 0.43881944444444443 0.018656250000000086 0.038555555555555544
0 0.5721796875 0.5826388888888889 0.0373046875 0.0871388888888889
0 0.4331484375 0.5506388888888889 0.018656250000000086 0.04627777777777785
0 0.42274218750000003 0.39831944444444445 0.009109375000000064 0.02390277777777783
0 0.4108125 0.3879166666666667 0.0060703124999999854 0.015430555555555574
2 0.4023515625 0.4010277777777778 0.01257812499999993 0.013875000000000012
2 0.4298984375 0.514 0.01821874999999995 0.02390277777777783
2 0.3984453125 0.4553888888888889 0.009976562499999985 0.017736111111111084
2 0.45180468749999997 0.3948611111111111 0.01257812499999993 0.01697222222222226
2 0.5116640625 0.4712083333333333 0.019523437500000008 0.0277638888888889
2 0.54615625 0.4600277777777778 0.005203125000000064 0.006944444444444444
2 0.54225 0.45577777777777784 0.005203125000000064 0.00770833333333327
2 0.485421875 0.5275 0.01735156250000003 0.029305555555555588
0 0.47327343749999995 0.46426388888888886 0.011281250000000043 0.0277638888888889
0 0.39606249999999993 0.47468055555555555 0.011281250000000043 0.03625000000000003