1 0.42525 0.4026527777777778 0.014601562500000043 0.022249999999999975
1 0.4073125 0.3933888888888889 0.010429687499999929 0.015569444444444495
1 0.428796875 0.42081944444444447 0.01668749999999992 0.021500000000000026
3 0.43150781250000003 0.4360277777777778 0.02544531249999995 0.01779166666666659
3 0.593765625 0.4263888888888889 0.017101562500000077 0.023736111111111156
0 0.4934453125 0.31663888888888886 0.029195312499999914 0.15423611111111113
0 0.4596640625 0.37595833333333334 0.015015625000000022 0.0252083333333333
0 0.4790546875 0.46754166666666663 0.008757812500000028 0.021500000000000026
0 0.499703125 0.4686527777777778 0.010007812499999958 0.01779166666666659
0 0.56790625 0.45975 0.012929687499999964 0.032625000000000015
0 0.5772890625 0.4705 0.008343750000000049 0.02002777777777772
0 0.5946015625000001 0.34888888888888886 0.012093750000000014 0.03781944444444447
0 0.5833359375 0.3763333333333333 0.011265625000000057 0.02002777777777772
0 0.6144140625000001 0.43156944444444445 0.01835156250000001 0.040041666666666725
0 0.5875078125 0.5276111111111111 0.014601562500000043 0.022986111111111047
0 0.6056484375 0.6125138888888889 0.020023437500000085 0.026694444444444482
1 0.5257734375 0.47384722222222225 0.008757812500000028 0.01779166666666659
0 0.543921875 0.41637500000000005 0.0091796875 0.015569444444444495
1 0.5522578125 0.42452777777777784 0.006671874999999971 0.008152777777777785
1 0.5827109375 0.3933888888888889 0.01417968750000007 0.012611111111111168
1 0.6198359375 0.46197222222222223 0.020023437500000085 0.022249999999999975
1 0.6048203125 0.5324305555555556 0.015015625000000022 0.01779166666666659
1 0.582921875 0.6963055555555555 0.01877343749999998 0.040041666666666725
2 0.5232734375 0.6588611111111111 0.013765624999999915 0.030402777777777758
2 0.3960546875 0.4152638888888889 0.00792187499999999 0.020763888888888953
2 0.4369296875 0.37781944444444443 0.012093750000000014 0.02447222222222223
2 0.5305703125 0.427875 0.006671874999999971 0.014833333333333264
2 0.51221875 0.5101805555555555 0.012515624999999985 0.014833333333333264
2 0.5261953125 0.460125 0.0154296875 0.015569444444444495
2 0.574578125 0.4293472222222222 0.007921875000000078 0.010375000000000039
2 0.602734375 0.3996944444444444 0.012515624999999985 0.020763888888888953
2 0.63046875 0.3615 0.019601562499999937 0.028916666666666736
2 0.6114921875 0.5761805555555556 0.0091796875 0.019277777777777772
2 0.6406875000000001 0.504986111111111 0.007507812499999922 0.014833333333333264