0 0.41171875 0.45555555555555555 0.040625 0.2638888888888889
0 0.529203125 0.44072222222222224 0.01353124999999995 0.03448611111111117
0 0.5339375000000001 0.48323611111111114 0.012179687499999935 0.028069444444444494
0 0.6054453125 0.5514027777777778 0.009023437499999964 0.03609722222222223
0 0.6275546875 0.7013888888888888 0.006312499999999943 0.02326388888888889
0 0.59890625 0.6620972222222222 0.022109374999999966 0.026472222222222147
0 0.5237890625 0.5975277777777778 0.0189453125 0.024055555555555625
1 0.543640625 0.5097083333333333 0.01624218749999997 0.02326388888888889
1 0.5461171874999999 0.6139722222222223 0.013984375000000071 0.028069444444444494
1 0.6399609374999999 0.6167777777777778 0.0130859375 0.027263888888888883
3 0.5855937499999999 0.5630416666666667 0.01624218749999997 0.02887499999999995
2 0.5605546875 0.43952777777777774 0.022109374999999966 0.024055555555555625
2 0.57003125 0.5097083333333333 0.013984375000000071 0.026472222222222147
2 0.5197265625 0.6608888888888889 0.015335937500000086 0.027263888888888883
2 0.556046875 0.7747777777777778 0.02661718749999995 0.0417083333333333
2 0.5718359375000001 0.595125 0.010374999999999978 0.020847222222222208