0 0.576453125 0.5780277777777778 0.010007812499999958 0.02447222222222223
0 0.6127421875 0.4015416666666667 0.053390624999999935 0.14459722222222224
0 0.5606015625 0.4512222222222222 0.015015625000000022 0.034847222222222266
0 0.5996015625 0.5884166666666667 0.007093749999999943 0.02002777777777772
1 0.53015625 0.47273611111111113 0.008343750000000049 0.0185416666666667
1 0.507421875 0.44122222222222224 0.010429687499999929 0.008902777777777733
1 0.419828125 0.4293472222222222 0.009593749999999979 0.014833333333333264
1 0.637140625 0.62475 0.013765624999999915 0.02447222222222223
1 0.5293203125 0.4897916666666666 0.010843750000000086 0.014083333333333314
3 0.5274453125 0.5009027777777777 0.01626562499999995 0.027430555555555555
2 0.5376640625 0.438625 0.0091796875 0.014083333333333314
2 0.49741406250000003 0.4671666666666667 0.011265625000000057 0.014833333333333264
2 0.43567968749999997 0.4515972222222222 0.009593749999999979 0.01779166666666659
2 0.6363125000000001 0.6013888888888889 0.011265625000000057 0.016319444444444445
2 0.620671875 0.6733194444444445 0.011679687500000036 0.03113888888888883