0 0.62098671875 0.4831861111111111 0.62645546875 0.4762416666666667 0.64208046875 0.42207500000000003 0.63192421875 0.4179083333333333 0.6272367187500001 0.43040833333333334 0.6155179687500001 0.4748527777777778 0.62098671875 0.4831861111111111
0 0.4158515625 0.5753888888888888 0.012617187500000071 0.022430555555555523
2 0.5691953125 0.6646805555555555 0.016499999999999914 0.033638888888888926
1 0.5973359375 0.4097625 0.59296875 0.43194444444444446 0.5953125 0.4375 0.60234375 0.4361111111111111 0.60546875 0.44027777777777777 0.609375 0.4305555555555556 0.6109375 0.4152777777777778 0.6041296875 0.4097625 0.5973359375 0.4097625
1 0.59453125 0.43194444444444446 0.60625 0.43472222222222223 0.61015625 0.4152777777777778 0.60390625 0.4097222222222222 0.596875 0.4097222222222222 0.59375 0.4236111111111111 0.59453125 0.43194444444444446
1 0.59453125 0.43194444444444446 0.60625 0.43472222222222223 0.61015625 0.4152777777777778 0.603125 0.4097222222222222 0.59765625 0.4097222222222222 0.59375 0.4236111111111111 0.59453125 0.43194444444444446
0 0.4375234375 0.5494444444444445 0.009929687500000029 0.019055555555555593
2 0.48051562499999995 0.5738472222222223 0.013328124999999958 0.019513888888888827
1 0.6029687499999999 0.6251805555555555 0.012546874999999957 0.022763888888888868
1 0.4658828125 0.5287638888888888 0.009148437500000028 0.015791666666666673
1 0.5849375 0.5078611111111111 0.01986718750000005 0.03809722222222215
1 0.6160390625 0.5055416666666667 0.017249999999999942 0.026944444444444413
1 0.457515625 0.4662777777777778 0.008624999999999971 0.01161111111111113
1 0.4881015625 0.44187499999999996 0.010195312499999965 0.024166666666666635
1 0.46013281250000004 0.42190277777777774 0.009671875000000085 0.016722222222222173
1 0.52053125 0.45577777777777784 0.009929687500000029 0.02509722222222229
1 0.5316171875 0.3798472222222222 0.006273437499999979 0.01161111111111113
1 0.5542265625 0.4242222222222222 0.009148437500000028 0.023236111111111138
1 0.5449453125 0.5111111111111111 0.005226562500000043 0.016722222222222173
0 0.44262499999999994 0.4625555555555556 0.010718750000000022 0.02369444444444437
0 0.48744531249999995 0.47905555555555557 0.006273437499999979 0.02509722222222229
0 0.501296875 0.4841666666666667 0.0067968750000000355 0.018583333333333327
0 0.534359375 0.5178472222222222 0.008624999999999971 0.01719444444444444
0 0.5782734375 0.5573472222222222 0.008624999999999971 0.02183333333333337
0 0.6143359375 0.5550277777777778 0.010195312499999965 0.019986111111111093
0 0.5661171875 0.45675000000000004 0.01515625000000007 0.023236111111111138
0 0.45203125 0.3838055555555555 0.013851562500000015 0.026013888888888913
0 0.45320312500000004 0.4065694444444445 0.009406249999999972 0.01765277777777783
0 0.5244296875 0.3661388888888889 0.004445312500000043 0.018583333333333327
0 0.547296875 0.3891388888888889 0.0073203124999999146 0.030208333333333334
2 0.455296875 0.5134305555555556 0.014632812500000014 0.014875000000000051
2 0.43975 0.48486111111111113 0.010195312499999965 0.012541666666666628
2 0.47646875 0.4565138888888889 0.006273437499999979 0.01068055555555563
2 0.48117187499999997 0.4177222222222222 0.009929687500000029 0.01765277777777783
2 0.47973437499999994 0.3768333333333333 0.012281250000000021 0.024166666666666635
2 0.562328125 0.4056388888888889 0.012281250000000021 0.023236111111111138
2 0.546125 0.4435138888888889 0.009148437500000028 0.018124999999999936
2 0.549125 0.4744027777777778 0.005749999999999922 0.013944444444444395
2 0.564546875 0.5334166666666667 0.0067968750000000355 0.014875000000000051
2 0.5739609375 0.43769444444444444 0.005749999999999922 0.008361111111111087
2 0.5169765625 0.37218055555555557 0.007843749999999972 0.014875000000000051
2 0.49985937500000005 0.43143055555555554 0.004445312500000043 0.01719444444444444