0 0.4412265625 0.5040833333333333 0.014437500000000015 0.03609722222222223
0 0.48499218749999995 0.4659861111111111 0.011726562499999992 0.024055555555555625
0 0.46400781249999995 0.4523611111111111 0.011281250000000043 0.01925000000000002
0 0.586140625 0.46170833333333333 0.005226562500000043 0.014249999999999987
0 0.599375 0.4660416666666667 0.005921874999999943 0.015486111111111079
0 0.600765625 0.3746944444444444 0.03309374999999992 0.09784722222222228
0 0.56871875 0.4121666666666667 0.009406249999999972 0.017958333333333264
1 0.45357812500000005 0.41433333333333333 0.007664062499999957 0.017347222222222236
1 0.4743125 0.4044166666666667 0.0073124999999999215 0.013624999999999924
1 0.5330078125 0.4078333333333333 0.009757812500000008 0.015486111111111079
1 0.3997578125 0.49298611111111107 0.013585937499999989 0.04087499999999993
3 0.41369531249999997 0.5211666666666667 0.026125000000000044 0.03406944444444441
1 0.516984375 0.7661250000000001 0.04180468749999999 0.06938888888888894
1 0.554109375 0.413875 0.009085937500000085 0.01744444444444437
3 0.5533828125 0.4258194444444444 0.011265625000000057 0.01033333333333341
3 0.553015625 0.43454166666666666 0.015632812499999992 0.013569444444444419
2 0.48920312499999996 0.41548611111111106 0.004781249999999915 0.013222222222222198
2 0.552015625 0.4050972222222222 0.005046875000000029 0.009444444444444382
2 0.5295703125 0.42020833333333335 0.008500000000000086 0.009444444444444382
2 0.6202734375000001 0.5514722222222223 0.006640625 0.01416666666666673
2 0.6109765625 0.48938888888888893 0.008234374999999971 0.011805555555555555
2 0.6213359374999999 0.45420833333333327 0.00610937499999995 0.015111111111111105
2 0.6216015625 0.46955555555555556 0.006640625 0.007083333333333365
1 0.6184140625000001 0.4771111111111111 0.010359374999999994 0.00802777777777774
0 0.633015625 0.4506666666666667 0.00717187500000005 0.009916666666666648
1 0.640453125 0.46199999999999997 0.005578125000000078 0.017472222222222278