1 0.575296875 0.5235833333333334 0.021749999999999936 0.0405694444444445
1 0.42696875 0.33944444444444444 0.00962499999999995 0.0171111111111111
1 0.4989921875 0.40694444444444444 0.011054687500000071 0.020277777777777808
1 0.50915625 0.42247222222222225 0.010695312500000043 0.01711111111111118
1 0.5268046875 0.3685972222222222 0.008203125 0.008236111111111041
1 0.5414218749999999 0.36574999999999996 0.008914062500000064 0.007611111111111136
1 0.5916953125 0.37620833333333337 0.007484374999999943 0.013305555555555612
1 0.6114843750000001 0.3787361111111111 0.007132812500000085 0.00951388888888892
1 0.6102421875 0.3872916666666667 0.006062499999999993 0.008874999999999982
3 0.60828125 0.397125 0.008554687500000036 0.014583333333333334
0 0.40932031249999995 0.3416527777777778 0.010695312500000043 0.01140277777777775
0 0.43339062500000003 0.5150138888888889 0.08022656250000004 0.3353194444444444
0 0.49775 0.4506805555555556 0.006414062500000028 0.020277777777777808
0 0.526984375 0.41423611111111114 0.008554687500000036 0.014583333333333334
0 0.5364296875 0.3926805555555556 0.00463281250000005 0.014583333333333334
0 0.5524765625 0.4037777777777778 0.008203125 0.012680555555555549
0 0.6230781249999999 0.3844444444444445 0.008203125 0.01711111111111118
0 0.6359140625 0.42056944444444444 0.007484374999999943 0.013305555555555612
2 0.4841953125 0.44148611111111113 0.01283593750000005 0.02598611111111116
2 0.516640625 0.40029166666666666 0.008554687500000036 0.02091666666666659
2 0.5373281249999999 0.4132777777777778 0.008554687500000036 0.015208333333333397
2 0.5531875 0.3758888888888889 0.008203125 0.008874999999999982
2 0.5879531250000001 0.38508333333333333 0.007132812500000085 0.00951388888888892