0 0.527359375 0.5155277777777778 0.025500000000000078 0.06616666666666665
0 0.4662578125 0.4136666666666666 0.014070312499999993 0.038555555555555544
0 0.43285156249999995 0.4415416666666667 0.005859375 0.02240277777777777
0 0.40632812500000004 0.5144861111111111 0.016703125000000086 0.03906944444444444
1 0.43285156249999995 0.41574999999999995 0.022859374999999994 0.03647222222222221
1 0.5116796875 0.4748888888888889 0.019343749999999993 0.041152777777777774
1 0.40339843750000004 0.6350972222222222 0.026671875000000077 0.04897222222222221
3 0.44428124999999996 0.45769444444444446 0.016999999999999994 0.03490277777777777
2 0.45336718749999994 0.4884305555555556 0.013484374999999993 0.01719444444444444
2 0.4708046875 0.44180555555555556 0.016703125000000086 0.021875
2 0.50171875 0.4287777777777778 0.0041015625 0.008333333333333333
2 0.49790625000000005 0.4227916666666667 0.005859375 0.011986111111111105
2 0.4057421875 0.4061111111111111 0.011429687500000086 0.027611111111111104
2 0.39826562499999996 0.48973611111111115 0.013484374999999993 0.025013888888888877