0 0.6000234375 0.6317916666666666 0.04212500000000006 0.06822222222222223
0 0.53328125 0.5350138888888889 0.020437500000000063 0.028916666666666736
0 0.41398437499999996 0.3340694444444444 0.024609375 0.09713888888888889
0 0.4208671875 0.41006944444444443 0.006671874999999971 0.019277777777777772
0 0.495125 0.4360694444444445 0.0038125000000000854 0.014583333333333334
0 0.4740234375 0.4011666666666666 0.006742187500000085 0.011458333333333333
0 0.4984921875 0.3886666666666666 0.0041015625 0.014583333333333334
0 0.5461171874999999 0.37876388888888884 0.006156250000000085 0.022930555555555544
0 0.5852421875 0.4136666666666666 0.0087890625 0.03438888888888888
0 0.5302890625 0.4079444444444445 0.005570312500000086 0.019791666666666666
0 0.53190625 0.38813888888888887 0.003515625 0.0125
0 0.48501562500000006 0.3633888888888889 0.0076171875 0.02240277777777777
0 0.4570234375 0.3904861111111111 0.0043984375000000854 0.00990277777777777
0 0.5204765625000001 0.4454444444444445 0.0076171875 0.014583333333333334
0 0.486625 0.4199166666666666 0.005570312500000086 0.009375
0 0.5159296875 0.3498472222222222 0.0032265625000000853 0.007819444444444438
2 0.508015625 0.3521944444444445 0.006156250000000085 0.007291666666666667
2 0.5105078125 0.4110694444444445 0.0041015625 0.008333333333333333
2 0.5217968749999999 0.40169444444444447 0.005570312500000086 0.009375
2 0.5642890625 0.38918055555555553 0.0014687500000000852 0.00625
2 0.566484375 0.3899583333333333 0.0046875 0.005736111111111105
2 0.4624453125 0.45275000000000004 0.00703125 0.0125
2 0.4469140625 0.4214861111111112 0.0046875 0.008333333333333333
0 0.39665625000000004 0.38188888888888883 0.010843750000000086 0.016666666666666666
1 0.477984375 0.3800694444444444 0.005859375 0.007819444444444438
1 0.5409921875 0.4337222222222222 0.0099609375 0.019277777777777772
1 0.5751328124999999 0.4053333333333333 0.012601562500000085 0.022930555555555544
1 0.52853125 0.3798055555555555 0.010257812500000085 0.017708333333333333
1 0.5128515625000001 0.3555833333333333 0.0046875 0.008861111111111104
3 0.48764843750000003 0.3928333333333333 0.008203125 0.009375
1 0.49996093750000004 0.40038888888888885 0.010546875 0.014069444444444438
2 0.491609375 0.3800694444444444 0.006742187500000085 0.008861111111111104
2 0.49732031250000003 0.4290416666666667 0.00703125 0.008861111111111104
1 0.49497656250000005 0.42070833333333335 0.005859375 0.008861111111111104
1 0.46449999999999997 0.3954305555555555 0.0052734375 0.010416666666666666
1 0.4359296875 0.4113194444444444 0.006156250000000085 0.007819444444444438
1 0.42684375 0.583 0.02901562500000008 0.04897222222222221
3 0.5336640625 0.4816666666666667 0.01171875 0.021361111111111105
1 0.48647656250000004 0.45587500000000003 0.00703125 0.009375
3 0.51871875 0.4272222222222223 0.013484374999999993 0.01875
3 0.5383515625 0.3962222222222222 0.00703125 0.013027777777777772
2 0.54596875 0.4066388888888888 0.005859375 0.008861111111111104
2 0.5522734375 0.3925694444444444 0.011429687500000086 0.018236111111111106
2 0.50684375 0.3678194444444444 0.006156250000000085 0.0125
2 0.4507265625 0.3956944444444444 0.0052734375 0.010944444444444439
1 0.45160156249999994 0.41054166666666664 0.0046875 0.00625
2 0.45131249999999995 0.40351388888888884 0.005859375 0.004694444444444438