2 0.599 0.6641805555555556 0.013234375000000043 0.020680555555555535
2 0.5685234375 0.4541944444444444 0.008421874999999978 0.015680555555555507
2 0.52640625 0.46275 0.010828124999999921 0.014263888888888864
2 0.4786796875 0.44527777777777783 0.008421874999999978 0.017819444444444502
0 0.42112499999999997 0.5180138888888889 0.014437500000000015 0.033513888888888885
0 0.4098984375 0.48163888888888884 0.012031250000000071 0.022097222222222178
0 0.5767421875000001 0.5732638888888889 0.012031250000000071 0.021388888888888857
0 0.6012109375 0.5967916666666666 0.014437500000000015 0.022819444444444375
0 0.588578125 0.4666666666666667 0.013234375000000043 0.02495833333333337
1 0.540046875 0.4502777777777778 0.008421874999999978 0.012125000000000025
1 0.4385703125 0.42816666666666664 0.008421874999999978 0.013541666666666667
1 0.46865625 0.42211111111111116 0.008421874999999978 0.0185416666666667
1 0.549671875 0.47308333333333336 0.012429687500000064 0.01925000000000002
1 0.5480625 0.4873472222222222 0.017249999999999942 0.016402777777777704
3 0.544453125 0.4962638888888889 0.018851562500000085 0.022819444444444375
1 0.6310859375 0.6377916666666666 0.011632812500000079 0.020680555555555535
2 0.6375078125 0.62175 0.010828124999999921 0.01711111111111118
0 0.6274765625 0.42745833333333333 0.030078125 0.15615277777777786