0 0.51640625 0.5701388888888889 0.015625 0.0375
0 0.563671875 0.5006944444444444 0.01484375 0.03194444444444444
0 0.60390625 0.48194444444444445 0.015625 0.022222222222222223
2 0.5515625 0.4756944444444444 0.0171875 0.034722222222222224
0 0.580859375 0.4583333333333333 0.01328125 0.016666666666666666
0 0.41953125 0.40625 0.0078125 0.018055555555555554
0 0.485546875 0.45694444444444443 0.01328125 0.022222222222222223
1 0.440625 0.4027777777777778 0.0109375 0.016666666666666666
1 0.440625 0.5881944444444445 0.021875 0.05138888888888889
1 0.536328125 0.5083333333333333 0.01953125 0.03611111111111111
1 0.528515625 0.48125 0.01640625 0.02361111111111111
1 0.5890625 0.42083333333333334 0.0125 0.025
1 0.56875 0.4222222222222222 0.009375 0.011111111111111112
3 0.465625 0.4708333333333333 0.0140625 0.03333333333333333
2 0.5015625 0.5430555555555555 0.0125 0.030555555555555555
2 0.445703125 0.6333333333333333 0.02265625 0.03888888888888889
2 0.439453125 0.4222222222222222 0.01171875 0.022222222222222223
2 0.605859375 0.43125 0.01015625 0.020833333333333332
2 0.583984375 0.4930555555555556 0.01015625 0.025