0 0.5919531250000001 0.5911944444444445 0.02254687499999992 0.05031944444444447
0 0.6116171875 0.4097222222222222 0.03982812500000001 0.12826388888888893
2 0.6168750000000001 0.4408888888888889 0.005257812500000014 0.011583333333333378
0 0.61375 0.44936111111111116 0.007515624999999915 0.010694444444444508
0 0.5439765624999999 0.36697222222222226 0.0032578125000000567 0.012472222222222247
0 0.46432031250000005 0.33779166666666666 0.009265624999999921 0.06991666666666663
0 0.42699218749999995 0.3714166666666667 0.008765625000000022 0.013361111111111117
0 0.44503125 0.3792083333333333 0.0077656250000000425 0.013805555555555632
0 0.4427734375 0.3934722222222222 0.005757812499999915 0.012916666666666604
0 0.4609375 0.4115 0.00951562500000005 0.014249999999999987
0 0.43714062499999995 0.44 0.010023437499999944 0.013361111111111117
0 0.492375 0.47029166666666666 0.006265624999999986 0.02315277777777772
0 0.500765625 0.43644444444444447 0.004007812500000085 0.015138888888888858
0 0.5107890625 0.4426805555555556 0.004007812500000085 0.009791666666666603
0 0.555375 0.5132638888888889 0.012523437499999979 0.029833333333333358
0 0.4253671875 0.4996805555555555 0.008015624999999993 0.025833333333333364
0 0.5045234375 0.3720833333333333 0.005507812499999964 0.009347222222222248
0 0.5261953125 0.38122222222222224 0.004757812499999936 0.009791666666666603
0 0.5270703125 0.35805555555555557 0.005007812500000064 0.015138888888888858
0 0.552625 0.3948055555555555 0.006015625000000036 0.015583333333333371
0 0.5387187499999999 0.37343055555555554 0.0032578125000000567 0.009347222222222248
0 0.5363359375 0.4197361111111111 0.00200781249999995 0.012027777777777733
0 0.5255703125 0.33847222222222223 0.00200781249999995 0.004458333333333305
1 0.48423437500000005 0.35761111111111116 0.005507812499999964 0.008902777777777733
1 0.47659375 0.37698611111111113 0.01027343750000007 0.009347222222222248
1 0.429375 0.41462499999999997 0.010023437499999944 0.008013888888888864
1 0.42661718750000005 0.5395416666666667 0.03707812500000003 0.06012499999999995
1 0.4644453125 0.3990277777777778 0.011023437499999922 0.010694444444444508
1 0.529578125 0.34269444444444447 0.003507812500000007 0.009347222222222248
1 0.559890625 0.37119444444444444 0.01453124999999993 0.013805555555555632
1 0.56928125 0.4052638888888889 0.007265624999999965 0.008902777777777733
1 0.5885703125 0.39925 0.004757812499999936 0.00401388888888887
1 0.530828125 0.45202777777777775 0.005007812500000064 0.011583333333333378
1 0.5408515625 0.4896666666666667 0.01453124999999993 0.016472222222222242
1 0.4808515625 0.4484722222222222 0.010773437499999972 0.016027777777777728
1 0.5228125 0.3821111111111111 0.005507812499999964 0.008013888888888864
1 0.5349609375 0.3816666666666667 0.004257812500000036 0.009791666666666603
0 0.545484375 0.3943611111111111 0.007265624999999965 0.010236111111111118
0 0.531203125 0.42441666666666666 0.005257812500000014 0.007124999999999993
0 0.5423515625 0.4555972222222222 0.007015625000000014 0.012472222222222247
1 0.5205546875 0.4273194444444445 0.005507812499999964 0.010236111111111118
2 0.5139218750000001 0.416625 0.006765625000000064 0.00668055555555548
2 0.47521874999999997 0.4088333333333333 0.007015625000000014 0.014249999999999987
2 0.49325 0.3585 0.005507812499999964 0.008902777777777733
2 0.49450781250000003 0.36852777777777773 0.003007812499999929 0.00401388888888887
2 0.5219375 0.3413611111111111 0.0032578125000000567 0.008458333333333299
2 0.5422265625 0.3841111111111111 0.007265624999999965 0.010236111111111118
2 0.5352109375 0.3890138888888889 0.004257812500000036 0.00579166666666661
2 0.5868203125 0.4208611111111111 0.0037578124999999574 0.007124999999999993
2 0.5899453125 0.4075 0.006515624999999936 0.008902777777777733
2 0.515296875 0.4972361111111111 0.012523437499999979 0.021819444444444495
2 0.5185546875 0.45581944444444444 0.006515624999999936 0.012027777777777733
2 0.44916406249999996 0.45180555555555557 0.0115234375 0.023597222222222235
2 0.40544531250000004 0.45915277777777774 0.01027343750000007 0.014249999999999987
2 0.5120390625 0.3743194444444444 0.005007812500000064 0.007569444444444508
2 0.53796875 0.4426805555555556 0.006265624999999986 0.011583333333333378
3 0.50953125 0.46851388888888884 0.01052343750000002 0.02048611111111111