0 0.5031953125 0.5616666666666666 0.028921874999999986 0.06197222222222223
0 0.45925000000000005 0.42915277777777777 0.014460937499999993 0.04351388888888895
0 0.59884375 0.5029861111111111 0.008101562499999914 0.0205833333333334
0 0.5436093750000001 0.5261944444444444 0.007203125000000021 0.018513888888888944
0 0.5873828125 0.44308333333333333 0.0067890625000000425 0.017361111111111112
0 0.630484375 0.4914444444444444 0.005531249999999943 0.015319444444444406
0 0.640578125 0.4969305555555556 0.0038593750000000425 0.014402777777777783
0 0.6240546874999999 0.4488055555555555 0.004499999999999993 0.012805555555555594
0 0.6302890624999999 0.41954166666666665 0.008999999999999985 0.012347222222222204
0 0.6227031249999999 0.4189583333333333 0.006945312500000078 0.014861111111111174
0 0.6196171875 0.4529166666666667 0.004374999999999929 0.012347222222222204
0 0.554609375 0.4286805555555555 0.003218749999999915 0.011430555555555581
0 0.554609375 0.4218194444444444 0.006812500000000022 0.013263888888888825
0 0.5349921875 0.4569166666666667 0.011062500000000064 0.025374999999999974
0 0.5203984375 0.3920972222222222 0.005531249999999943 0.014180555555555606
0 0.5220703125 0.40468055555555554 0.006046875000000007 0.011888888888888813
0 0.5033593749999999 0.37975000000000003 0.010804687499999943 0.006402777777777797
0 0.5342265625 0.3471805555555555 0.01157812499999995 0.06195833333333335
0 0.5744140625 0.3893611111111111 0.003218749999999915 0.011430555555555581
0 0.6138281250000001 0.38512500000000005 0.004890624999999993 0.015319444444444406
0 0.6079140625 0.3900416666666666 0.0033437499999999787 0.01097222222222219
0 0.5995546875 0.39919444444444446 0.0041171874999999854 0.011430555555555581
0 0.59653125 0.3535833333333333 0.0027031250000000284 0.007083333333333365
1 0.51840625 0.42662500000000003 0.007203125000000021 0.01097222222222219
1 0.45639843750000003 0.4687083333333334 0.02954687499999995 0.04059722222222225
1 0.5652265625 0.5830416666666667 0.032515624999999916 0.07247222222222215
1 0.57915625 0.4794861111111111 0.012124999999999986 0.018583333333333327
1 0.5402578124999999 0.4354444444444444 0.010710937500000028 0.015361111111111036
1 0.580578125 0.4265 0.00619531250000005 0.009861111111111143
1 0.631859375 0.3908333333333333 0.010968749999999972 0.01697222222222226
1 0.6011562500000001 0.35654166666666665 0.003999999999999915 0.004819444444444482
1 0.5678671875 0.3816666666666667 0.003999999999999915 0.006875000000000063
1 0.5481953125000001 0.36870833333333336 0.004648437500000035 0.005736111111111105
1 0.5481953125000001 0.39244444444444443 0.005164062499999922 0.010555555555555587
1 0.6058671875 0.39875000000000005 0.0043828124999999215 0.004819444444444482
2 0.5605156250000001 0.3705416666666667 0.005546874999999929 0.00802777777777774
2 0.561609375 0.38075 0.0043828124999999215 0.007333333333333295
2 0.5929609375 0.3555138888888889 0.002320312500000021 0.005499999999999972
2 0.6159296875 0.4048333333333334 0.005679687499999986 0.010555555555555587
2 0.609609375 0.40884722222222225 0.0041249999999999785 0.0071111111111111175
2 0.633921875 0.47558333333333336 0.0027109375000000215 0.0071111111111111175
2 0.619671875 0.49141666666666667 0.006453124999999993 0.0071111111111111175
2 0.5979921874999999 0.4393472222222222 0.007484374999999943 0.011694444444444388
0 0.549609375 0.47615277777777776 0.010835937499999915 0.015138888888888858
0 0.51096875 0.4762777777777778 0.008898437500000078 0.010319444444444374
0 0.49342968750000005 0.514125 0.022835937500000014 0.027750000000000025
2 0.5809609375 0.3893472222222222 0.0043828124999999215 0.006652777777777727
0 0.5923203125 0.3720277777777778 0.0069687500000000565 0.01788888888888888
3 0.6023125 0.3883194444444444 0.006062499999999993 0.008722222222222185
3 0.5956718750000001 0.3975972222222222 0.00619531250000005 0.0071111111111111175