1 0.4578203125 0.5025694444444445 0.024593750000000015 0.03518055555555561
1 0.596484375 0.6106111111111111 0.019789062499999944 0.04322222222222223
1 0.628 0.49577777777777776 0.013289062499999994 0.02865277777777777
1 0.6360546874999999 0.4492916666666667 0.009609374999999965 0.026138888888888958
1 0.6257421875 0.3972777777777778 0.009328125000000043 0.023624999999999986
1 0.618671875 0.4188888888888889 0.007632812499999986 0.013569444444444419
1 0.6019921874999999 0.415625 0.008765625000000022 0.018097222222222185
1 0.5735859375000001 0.39501388888888894 0.006781250000000049 0.011055555555555607
1 0.5788125 0.37793055555555555 0.007632812499999986 0.01608333333333339
1 0.465734375 0.38798611111111114 0.005937499999999929 0.013069444444444401
1 0.41315625 0.42265277777777777 0.011023437499999922 0.014069444444444438
1 0.41824218750000003 0.40581944444444445 0.009890625000000064 0.010555555555555587
1 0.5448906250000001 0.3796805555555556 0.00649999999999995 0.00955555555555555
1 0.557609375 0.38948611111111114 0.007070312499999965 0.009041666666666654
1 0.5437578125 0.3915 0.005937499999999929 0.008041666666666615
1 0.547578125 0.4038055555555556 0.005656250000000007 0.005527777777777803
1 0.5012109375 0.38219444444444445 0.006218750000000028 0.010555555555555587
1 0.5006484375 0.3904861111111111 0.008484374999999923 0.009041666666666654
1 0.5010703125 0.3987777777777778 0.011023437499999922 0.012569444444444381
1 0.5954921875 0.43195833333333333 0.00424218750000005 0.007541666666666598
1 0.5807890625 0.4110972222222222 0.0036718750000000354 0.012055555555555486
1 0.58303125 0.36019444444444443 0.0031796874999999503 0.005333333333333377
0 0.5056093749999999 0.347125 0.02030468750000001 0.07734722222222214
0 0.571 0.5250138888888889 0.008171875000000028 0.026249999999999968
0 0.5931484375 0.4197777777777778 0.005539062499999936 0.008902777777777733
0 0.5323671875 0.40454166666666663 0.003695312500000014 0.009375
0 0.4979609375 0.4375972222222222 0.010281250000000065 0.017347222222222236
0 0.474890625 0.439 0.010546875 0.013597222222222172
0 0.46302343749999997 0.5425972222222223 0.010023437499999944 0.03140277777777779
0 0.48609375000000005 0.37993055555555555 0.012921874999999972 0.008902777777777733
0 0.539359375 0.36798611111111107 0.006062499999999993 0.021569444444444405
0 0.541859375 0.37383333333333335 0.006328124999999929 0.009847222222222266
0 0.5807578125 0.3562638888888889 0.003429687500000078 0.00656944444444447
0 0.599078125 0.4012638888888889 0.0052734375 0.010319444444444374
0 0.594203125 0.3773611111111111 0.006062499999999993 0.019694444444444376
0 0.586953125 0.38602777777777775 0.0052734375 0.011722222222222299
0 0.56375 0.3986805555555556 0.004218750000000071 0.007027777777777702
0 0.5373828125 0.38743055555555556 0.006328124999999929 0.007027777777777702
0 0.6383671875 0.4012638888888889 0.006328124999999929 0.026249999999999968
0 0.5760078125 0.4092361111111111 0.005007812500000064 0.00656944444444447
2 0.5079765625 0.5062638888888888 0.02030468750000001 0.0271944444444445
2 0.55228125 0.41227777777777774 0.006062499999999993 0.0060972222222222035
2 0.44498437500000004 0.40681944444444446 0.0063437499999999146 0.012694444444444425
2 0.47690625000000003 0.3978333333333333 0.007140625000000078 0.011638888888888883
2 0.473734375 0.38055555555555554 0.004757812499999936 0.011638888888888883
0 0.5393671875 0.40365277777777775 0.0063437499999999146 0.007055555555555613
2 0.5820078125 0.4315 0.007539062500000071 0.010569444444444463
2 0.605109375 0.3985416666666666 0.005351562499999929 0.005291666666666591
2 0.6093671875 0.38725 0.004757812499999936 0.005986111111111035
2 0.602625 0.38672222222222224 0.007140625000000078 0.014805555555555511
2 0.5550390625 0.3664583333333334 0.00792968750000007 0.011638888888888883
2 0.5553359375 0.3791527777777778 0.004562499999999936 0.005986111111111035
2 0.5522578125 0.3907777777777778 0.0019843749999999714 0.008819444444444475
2 0.5768515625 0.35658333333333336 0.0035703124999999503 0.006694444444444514
2 0.551171875 0.53725 0.006546875000000086 0.018333333333333396
2 0.58884375 0.3960694444444445 0.006148437499999914 0.00951388888888892
2 0.586765625 0.40452777777777776 0.0035703124999999503 0.005986111111111035
0 0.6098671875 0.4272638888888889 0.004164062499999943 0.007750000000000057
2 0.5878515625 0.41704166666666664 0.004164062499999943 0.005638888888888813
2 0.537484375 0.3937777777777777 0.004562499999999936 0.004236111111111048