0 0.57203125 0.5638333333333333 0.03381249999999998 0.035569444444444466
0 0.5180703125 0.5034583333333333 0.0171875 0.019041666666666717
0 0.55765625 0.40502777777777776 0.014085937499999979 0.02955555555555552
0 0.5211640625 0.3764722222222222 0.00873437500000005 0.019541666666666735
0 0.49242187499999995 0.3506666666666666 0.004789062500000085 0.009013888888888901
0 0.46171093750000003 0.36344444444444446 0.0031015625000000214 0.019541666666666735
0 0.4565 0.37020833333333336 0.006203125000000043 0.008013888888888864
0 0.4776328125 0.3864861111111111 0.004507812499999986 0.01352777777777779
0 0.507921875 0.4035277777777778 0.004226562500000064 0.017527777777777784
0 0.5091953124999999 0.38548611111111114 0.005070312500000007 0.01352777777777779
0 0.4046484375 0.40852777777777777 0.006203125000000043 0.016527777777777745
0 0.45973437500000003 0.40151388888888884 0.0031015625000000214 0.01352777777777779
0 0.4543828125 0.3985138888888889 0.004789062500000085 0.010513888888888958
0 0.4773515625 0.4273194444444445 0.004507812499999986 0.014027777777777809
0 0.4371953125 0.38748611111111114 0.005351562499999929 0.00951388888888892
0 0.41690625 0.4072777777777778 0.005914062499999951 0.011027777777777853
1 0.42888281250000004 0.5477916666666667 0.0197265625 0.037569444444444385
1 0.5180703125 0.4250555555555556 0.01099218749999995 0.017527777777777784
1 0.548359375 0.3987638888888889 0.011273437500000049 0.019041666666666717
1 0.505109375 0.37672222222222224 0.00929687500000007 0.015027777777777846
1 0.48975 0.3544305555555555 0.004507812499999986 0.005513888888888927
1 0.4565 0.37822222222222224 0.005632812500000028 0.009013888888888901
1 0.47974218750000003 0.396 0.006484374999999964 0.011527777777777715
1 0.4708671875 0.4443472222222222 0.007890624999999929 0.012027777777777733
1 0.432125 0.4067777777777778 0.005914062499999951 0.006013888888888945
1 0.44325000000000003 0.39225000000000004 0.006203125000000043 0.009013888888888901
0 0.467765625 0.4145416666666667 0.005070312500000007 0.00951388888888892
1 0.475515625 0.41429166666666667 0.005351562499999929 0.007013888888888826
3 0.498484375 0.41905555555555557 0.015218750000000014 0.014527777777777829
3 0.465796875 0.3884861111111111 0.0073281250000000854 0.007513888888888844
3 0.51525 0.39175 0.005914062499999951 0.009013888888888901
2 0.448046875 0.4428472222222223 0.0073281250000000854 0.015027777777777846
2 0.4302890625 0.41629166666666667 0.0073281250000000854 0.008013888888888864
2 0.43071093749999995 0.39475000000000005 0.004789062500000085 0.007013888888888826
2 0.45522656250000004 0.39075 0.005914062499999951 0.006013888888888945
2 0.52159375 0.40026388888888886 0.006765625000000064 0.009013888888888901
2 0.49974999999999997 0.43383333333333335 0.007609375000000007 0.009013888888888901
2 0.490453125 0.4057777777777778 0.005914062499999951 0.009013888888888901
2 0.499046875 0.3965138888888889 0.005632812500000028 0.008513888888888883
2 0.4703046875 0.3784722222222222 0.006203125000000043 0.00951388888888892
2 0.4848203125 0.35191666666666666 0.005914062499999951 0.00951388888888892
2 0.5269453125 0.3877361111111111 0.010140625000000014 0.012027777777777733
2 0.5372265625 0.3847361111111111 0.0019687499999999857 0.002999999999999956
2 0.53990625 0.38823611111111106 0.0039453124999999645 0.00401388888888887
3 0.51553125 0.4621388888888889 0.012117187499999993 0.021541666666666653
0 0.39830468750000003 0.34415277777777775 0.011554687499999971 0.09418055555555556