1 0.61453125 0.5378472222222223 0.018898437500000042 0.0335972222222223
1 0.4060859375 0.47031944444444446 0.018507812500000043 0.034277777777777706
1 0.3952890625 0.5066527777777778 0.013109374999999979 0.03290277777777785
3 0.4909296875 0.4840277777777778 0.024679687499999936 0.02194444444444438
1 0.46759375 0.5512222222222222 0.008867187499999929 0.023305555555555517
0 0.545109375 0.47718055555555555 0.013499999999999979 0.026055555555555544
0 0.56478125 0.45180555555555557 0.011953124999999964 0.02194444444444438
0 0.42151562499999995 0.5426527777777778 0.012343749999999964 0.032222222222222284
0 0.4338515625 0.5018611111111111 0.011570312499999957 0.02056944444444437
2 0.3958671875 0.5477916666666667 0.008867187500000017 0.023305555555555517
2 0.47646875 0.5978333333333333 0.012726562499999972 0.017819444444444502