1 0.43971875000000005 0.451125 0.030593750000000065 0.030402777777777758
1 0.5475078124999999 0.3590694444444444 0.0028906250000000355 0.00727777777777779
1 0.545578125 0.3794027777777778 0.006265624999999986 0.008569444444444388
1 0.5102890625 0.416875 0.010835937499999915 0.014124999999999943
1 0.56159375 0.4117361111111111 0.008914062500000064 0.014124999999999943
1 0.5311250000000001 0.5566805555555555 0.03275781250000005 0.06337499999999999
1 0.6365078125 0.5267083333333333 0.017585937499999992 0.024833333333333325
1 0.6153125 0.47554166666666664 0.005054687500000021 0.010708333333333384
1 0.6344609375 0.38304166666666667 0.00867187499999993 0.014124999999999943
1 0.6021875 0.34770833333333334 0.006742187500000085 0.005999999999999991
1 0.604546875 0.3907777777777778 0.005499999999999972 0.00848611111111113
1 0.5678046875 0.3730416666666666 0.00463281250000005 0.007458333333333339
1 0.56375 0.4653611111111111 0.008101562499999914 0.014652777777777714
1 0.5298984375 0.4235694444444445 0.006945312500000078 0.0128611111111111
0 0.5209296875 0.44208333333333333 0.007523437500000086 0.01800000000000005
0 0.49800000000000005 0.3708472222222222 0.009117187500000058 0.007194444444444375
0 0.516953125 0.3810138888888889 0.005351562499999929 0.01516666666666661
0 0.516734375 0.39541666666666664 0.006367187500000071 0.009000000000000025
0 0.519046875 0.505736111111111 0.008679687499999922 0.02648611111111118
0 0.475140625 0.5370833333333334 0.024445312499999972 0.06551388888888883
0 0.5784374999999999 0.4917916666666666 0.011140624999999993 0.025972222222222285
0 0.616046875 0.43855555555555553 0.006218750000000028 0.01259722222222229
0 0.6301484375 0.48034722222222226 0.008101562499999914 0.009263888888888832
0 0.6282734375000001 0.40884722222222225 0.0078125 0.007194444444444375
0 0.618359375 0.4094861111111111 0.008242187499999965 0.005402777777777759
0 0.6153203125 0.37727777777777777 0.004773437499999922 0.012347222222222204
0 0.6075859375 0.38138888888888894 0.0040468750000000496 0.010805555555555518
0 0.5962265625 0.3456527777777778 0.0015937499999999715 0.007722222222222226
0 0.57271875 0.3776666666666667 0.005499999999999972 0.012083333333333397
0 0.5944921875 0.3645555555555556 0.0067968750000000355 0.014652777777777714
0 0.5968046874999999 0.3912916666666667 0.0056406250000000215 0.013624999999999924
0 0.5634609375 0.4267916666666667 0.006945312500000078 0.01259722222222229
0 0.44889062500000004 0.4167638888888889 0.010414062499999942 0.037291666666666695
0 0.5336640625 0.3383194444444444 0.015335937500000086 0.06455555555555557
0 0.5917421875 0.4598333333333333 0.0056406250000000215 0.012347222222222204
0 0.6101875 0.44259722222222225 0.00463281250000005 0.011319444444444413
1 0.5991171875 0.4441527777777778 0.004195312499999914 0.007722222222222146
3 0.5941328125 0.49030555555555555 0.009835937499999937 0.014138888888888819
3 0.60215625 0.38177777777777777 0.006507812499999943 0.00848611111111113
3 0.592609375 0.38911111111111113 0.005351562499999929 0.007722222222222146
3 0.503140625 0.483875 0.019960937499999963 0.022888888888888913
2 0.533734375 0.46254166666666663 0.012296875000000007 0.01516666666666661
2 0.4712421875 0.49147222222222225 0.02184375000000003 0.028805555555555567
2 0.495109375 0.45944444444444443 0.008531250000000056 0.012083333333333397
2 0.611125 0.5273472222222222 0.014609375000000036 0.02340277777777781
2 0.6028828125000001 0.4784861111111111 0.00795312500000005 0.00848611111111113
2 0.6223359375 0.465875 0.006367187500000071 0.006944444444444444
2 0.6036796875 0.44865277777777773 0.0037578124999999574 0.004888888888888864
2 0.5747421875 0.42447222222222225 0.00925781249999993 0.011569444444444502
2 0.5589765625 0.3622361111111111 0.008390625000000007 0.010541666666666711
2 0.5613671874999999 0.3721388888888889 0.00390625 0.005138888888888952
2 0.5788671875 0.38152777777777774 0.003617187500000085 0.006944444444444444
2 0.592390625 0.34641666666666665 0.0028906250000000355 0.004111111111111083
2 0.6147421875 0.39772222222222225 0.005929687499999936 0.007972222222222235
2 0.605921875 0.4008055555555555 0.0056406250000000215 0.00643055555555555