1 0.45824999999999994 0.4825833333333333 0.027640625000000085 0.04425000000000002
1 0.576890625 0.5927638888888889 0.03755468749999995 0.07619444444444447
1 0.51990625 0.43290277777777775 0.011976562499999944 0.01662500000000004
1 0.5454921875000001 0.39033333333333337 0.010335937500000014 0.011375000000000076
1 0.5846953125 0.4291111111111111 0.008695312500000085 0.01370833333333334
1 0.620625 0.45083333333333336 0.006398437500000043 0.00933333333333337
1 0.6339921875 0.4871388888888889 0.003937499999999971 0.011375000000000076
1 0.582890625 0.47824999999999995 0.011976562499999944 0.01866666666666674
1 0.598234375 0.35591666666666666 0.0019687499999999857 0.00670833333333339
1 0.629890625 0.3901805555555556 0.011812499999999915 0.02041666666666673
1 0.6043828125 0.3974722222222222 0.004757812499999936 0.007583333333333384
1 0.566078125 0.381 0.006234375000000014 0.006124999999999956
1 0.5445078125 0.36830555555555555 0.008039062499999972 0.004666666666666685
0 0.5005468750000001 0.38434722222222223 0.008367187500000029 0.008749999999999937
0 0.5315546875 0.34994444444444445 0.010007812499999958 0.06531944444444449
0 0.5906875 0.37224999999999997 0.006562500000000071 0.021875
0 0.6103671875 0.3831805555555555 0.005578125000000078 0.012833333333333346
0 0.6061015624999999 0.3890138888888889 0.005250000000000021 0.00816666666666666
0 0.5983984375 0.39848611111111115 0.003937499999999971 0.009041666666666654
0 0.592984375 0.35256944444444444 0.001640624999999929 0.004666666666666685
0 0.59109375 0.4447083333333333 0.005742187499999929 0.01808333333333331
0 0.623984375 0.44383333333333336 0.0049218749999999645 0.010499999999999924
0 0.630875 0.41263888888888894 0.0059062499999999575 0.00816666666666666
0 0.6207890625 0.4149722222222222 0.005742187499999929 0.00816666666666666
0 0.5562421875 0.4291111111111111 0.003937499999999971 0.008458333333333377
0 0.53671875 0.4610416666666666 0.009843749999999929 0.017500000000000033
0 0.5187578125 0.39325 0.008039062499999972 0.009041666666666654
0 0.521875 0.4097222222222222 0.00541406250000005 0.00816666666666666
0 0.4609375 0.4407777777777778 0.015750000000000063 0.0387916666666666
0 0.5491875 0.5308888888888889 0.008531250000000056 0.024791666666666698
0 0.6034843750000001 0.5049305555555555 0.008531250000000056 0.021875
0 0.5112109375 0.5739027777777778 0.02575000000000003 0.06881944444444438
1 0.554109375 0.4240138888888889 0.0059062499999999575 0.012833333333333346
1 0.542296875 0.43756944444444446 0.010171874999999986 0.018958333333333303
3 0.5276953125 0.5056111111111111 0.01637500000000003 0.028430555555555594
2 0.4996171875 0.5227083333333333 0.021890624999999986 0.034180555555555575
2 0.5141796875 0.48259722222222223 0.008375000000000021 0.010152777777777702
2 0.5517734375 0.4797222222222222 0.013515624999999965 0.022680555555555613
2 0.600796875 0.4411388888888889 0.006468749999999979 0.011847222222222184
2 0.55815625 0.4443611111111111 0.00532812499999995 0.007444444444444464
2 0.5557734375 0.37244444444444447 0.006281249999999972 0.00643055555555555
2 0.5596796875 0.38158333333333333 0.003804687499999915 0.00643055555555555
2 0.6144999999999999 0.40170833333333333 0.005710937499999957 0.008125000000000032
2 0.6079375 0.40747222222222224 0.004374999999999929 0.0088055555555556
2 0.6368671875 0.47430555555555554 0.00552343749999995 0.00777777777777781
2 0.622875 0.4897083333333333 0.005710937499999957 0.004736111111111067
2 0.590515625 0.35484722222222226 0.002664062500000064 0.009138888888888946
2 0.579 0.3886805555555556 0.005140624999999943 0.010486111111111049
0 0.572625 0.38886111111111116 0.004570312499999929 0.009472222222222292
3 0.6163125 0.5027361111111112 0.011992187499999928 0.017263888888888818
3 0.6005078125 0.38783333333333336 0.005140624999999943 0.007444444444444464
3 0.5942265625 0.3968055555555555 0.004757812499999936 0.008458333333333377