2 0.6002500000000001 0.785486111111111 0.013132812499999957 0.034499999999999885
2 0.588265625 0.6413888888888889 0.011984374999999936 0.032472222222222215
2 0.5731328125 0.5754166666666667 0.012562499999999944 0.016236111111111187
2 0.6242265625 0.5688194444444444 0.008562500000000028 0.019277777777777772
2 0.6407812500000001 0.5135138888888889 0.010843750000000086 0.02233333333333339
2 0.641640625 0.4632777777777778 0.009132812500000042 0.02943055555555563
0 0.515765625 0.41558333333333336 0.03825000000000003 0.1755694444444444
0 0.6088125 0.4505972222222222 0.013132812499999957 0.04059722222222225
0 0.60853125 0.48356944444444444 0.01484375 0.025374999999999974
0 0.6359296875 0.6134722222222222 0.011414062499999923 0.0375555555555555
0 0.5231874999999999 0.6799444444444445 0.015414062500000015 0.03044444444444439
0 0.55515625 0.6692916666666666 0.015414062500000015 0.027402777777777804
0 0.462671875 0.48356944444444444 0.023406250000000028 0.035513888888888956
1 0.43128124999999995 0.56375 0.01883593749999992 0.03958333333333333
1 0.4329921875 0.5865833333333333 0.023406250000000028 0.03044444444444439
1 0.5933984375 0.6769027777777777 0.011984374999999936 0.018263888888888857
1 0.596828125 0.5607083333333333 0.013132812499999957 0.0213055555555556
0 0.5834140624999999 0.5459861111111112 0.01598437500000003 0.03044444444444439
1 0.611953125 0.5053888888888889 0.018265625000000084 0.020291666666666687
1 0.432703125 0.606375 0.03082812500000003 0.0314583333333333
2 0.4329921875 0.4795138888888889 0.009703125000000057 0.019277777777777772