2 0.5002500000000001 0.7179166666666666 0.023406250000000028 0.0210972222222223
2 0.4456875 0.574625 0.010546875 0.019333333333333275
2 0.39904687499999997 0.5189444444444444 0.010218749999999943 0.013472222222222285
2 0.414375 0.4477361111111111 0.01714062500000004 0.01875
0 0.4156953125 0.4764583333333334 0.018460937500000087 0.029305555555555588
0 0.40481249999999996 0.5977638888888889 0.01714062500000004 0.023444444444444438
0 0.49728125 0.5415138888888889 0.013515624999999965 0.017583333333333288
0 0.469421875 0.5866388888888889 0.013843750000000021 0.02695833333333329
0 0.6365624999999999 0.5825277777777778 0.01450781249999995 0.041027777777777726
0 0.47173437500000004 0.41873611111111114 0.01714062500000004 0.03691666666666672
3 0.455578125 0.5221666666666667 0.027687500000000042 0.04219444444444444
1 0.41058593749999994 0.5722777777777778 0.016812499999999987 0.018166666666666723
1 0.47914843749999997 0.49404166666666666 0.016812499999999987 0.02461111111111115
3 0.5635390625000001 0.5447361111111111 0.01615625000000005 0.021680555555555574
1 0.5109609374999999 0.6261944444444445 0.009890625000000064 0.026375000000000013
1 0.43892968750000005 0.4155138888888889 0.023406250000000028 0.03398611111111115