1 0.5993984375 0.6249305555555555 0.013945312499999928 0.021416666666666608
1 0.6161953125 0.5054722222222222 0.015210937500000021 0.023666666666666617
1 0.5863984375 0.5074444444444445 0.017117187500000065 0.03325000000000008
1 0.6019296875 0.4234722222222222 0.017117187500000065 0.029861111111111113
1 0.5540703125 0.42122222222222216 0.007609375000000007 0.020847222222222208
1 0.5445625 0.5091249999999999 0.005070312500000007 0.01295833333333339
1 0.4668984375 0.5271666666666667 0.008242187499999965 0.018597222222222203
1 0.4581875 0.46658333333333335 0.006656249999999986 0.01352777777777779
1 0.48814062500000005 0.44122222222222224 0.0063359374999999215 0.020291666666666687
1 0.4610390625 0.42319444444444443 0.011093750000000036 0.021416666666666608
1 0.5247499999999999 0.3679722222222222 0.004757812499999936 0.014652777777777714
1 0.5307734375 0.37952777777777774 0.006023437500000029 0.011833333333333309
1 0.5199921875 0.4550277777777778 0.007921875000000078 0.021972222222222292
2 0.5684921875 0.6626805555555555 0.010460937500000078 0.021416666666666608
2 0.45755468749999995 0.5150416666666666 0.009195312499999986 0.011263888888888908
2 0.4798984375 0.5711111111111111 0.008242187499999965 0.018597222222222203
2 0.44075 0.4860277777777778 0.009195312499999986 0.014083333333333314
2 0.564375 0.5344861111111111 0.007289062499999943 0.014083333333333314
2 0.5485234375 0.47334722222222225 0.008554687500000036 0.01352777777777779
2 0.5464609375 0.4431944444444445 0.008874999999999921 0.017472222222222278
2 0.4811640625 0.41615277777777776 0.010140625000000014 0.016347222222222197
2 0.4798984375 0.37670833333333337 0.010773437499999972 0.019722222222222287
2 0.57371875 0.43672222222222223 0.0063359374999999215 0.012402777777777709
2 0.5624687500000001 0.4079861111111111 0.011093750000000036 0.021416666666666608
2 0.4765703125 0.4567222222222222 0.006656249999999986 0.011833333333333309
2 0.5173046875 0.3721944444444445 0.007609375000000007 0.01295833333333339
0 0.4502578125 0.382625 0.008554687500000036 0.03268055555555552
0 0.45390625 0.4079861111111111 0.0069765625000000496 0.019152777777777727
0 0.44281249999999994 0.46320833333333333 0.008874999999999921 0.014652777777777714
0 0.48766406250000005 0.4781388888888889 0.004757812499999936 0.019722222222222287
0 0.43774218749999994 0.5488611111111111 0.013945312499999928 0.014652777777777714
0 0.41428125 0.5747777777777777 0.012679687500000014 0.023666666666666617
0 0.6315703125 0.44009722222222225 0.018703125000000043 0.037194444444444405
0 0.578796875 0.5575972222222223 0.007609375000000007 0.021972222222222292
0 0.6160390625 0.5528055555555556 0.006023437500000029 0.015777777777777797
0 0.5352109375 0.5187083333333333 0.008554687500000036 0.017472222222222278
0 0.5019296875 0.48518055555555556 0.007289062499999943 0.020291666666666687
0 0.568171875 0.4541944444444444 0.007921875000000078 0.025916666666666623
0 0.5463046874999999 0.39079166666666665 0.008554687500000036 0.03549999999999993