1 0.446578125 0.4620972222222222 0.03173437499999991 0.04818055555555548
1 0.5494453125 0.46145833333333336 0.015687499999999945 0.026624999999999944
1 0.6111328125 0.40884722222222225 0.007843749999999972 0.017749999999999964
1 0.6095234375 0.41518055555555555 0.011054687500000071 0.013944444444444395
1 0.6081015625 0.4234305555555556 0.01247656250000002 0.012680555555555549
1 0.5754765625 0.40568055555555554 0.008554687500000036 0.010138888888888826
1 0.53446875 0.4072638888888889 0.007843749999999972 0.01204166666666661
1 0.5293046875 0.41836111111111113 0.006773437500000057 0.010138888888888826
0 0.5494453125 0.4852222222222222 0.00998437499999998 0.02091666666666659
0 0.43125 0.643375 0.04171875000000007 0.09127777777777782
2 0.5858125000000001 0.48301388888888885 0.015687499999999945 0.02915277777777779
2 0.6293124999999999 0.5568611111111111 0.015687499999999945 0.023458333333333314
2 0.5546171875 0.4161388888888889 0.00463281250000005 0.013305555555555612
2 0.5842109375 0.41455555555555557 0.008914062500000064 0.008874999999999982
2 0.5845703125 0.40155555555555555 0.005351562499999929 0.008236111111111041
0 0.5979375 0.4040972222222222 0.014976562500000058 0.01204166666666661
0 0.622359375 0.37651388888888887 0.03672656249999999 0.07733333333333327
2 0.5954453125 0.4516388888888889 0.011406249999999929 0.014583333333333334
0 0.641078125 0.44086111111111115 0.003562499999999957 0.014583333333333334