2 0.527171875 0.7447083333333334 0.04466406250000006 0.10987499999999986
2 0.4168671875 0.6801388888888888 0.021656250000000023 0.03850000000000004
2 0.439421875 0.5630416666666667 0.019851562500000065 0.04009722222222223
2 0.40649218749999994 0.5369722222222222 0.012632812500000057 0.020055555555555632
2 0.4886015625 0.44433333333333336 0.014437500000000015 0.01925000000000002
2 0.40062499999999995 0.45034722222222223 0.009921875000000035 0.018444444444444406
2 0.44844531249999997 0.398625 0.007218750000000007 0.00962499999999993
2 0.4856640625 0.3958055555555556 0.00857031250000002 0.015236111111111148
2 0.4299453125 0.3849861111111111 0.008117187500000077 0.008013888888888864
2 0.6390546875 0.5225416666666667 0.011281250000000043 0.02968055555555556
0 0.5287499999999999 0.6119583333333334 0.01714062500000004 0.033680555555555554
0 0.5533359375 0.46799999999999997 0.0130859375 0.02968055555555556
0 0.6049921875 0.4724027777777778 0.019851562500000065 0.03850000000000004
0 0.494015625 0.5189305555555556 0.010828124999999921 0.032083333333333366
0 0.4200234375 0.4286944444444445 0.010828124999999921 0.018444444444444406
0 0.42611718749999994 0.43872222222222224 0.0076718749999999504 0.012833333333333346
1 0.449796875 0.5100972222222222 0.020749999999999956 0.035291666666666624
1 0.4351328125 0.3777638888888889 0.005867187499999993 0.00962499999999993
1 0.4155078125 0.37816666666666665 0.006312499999999943 0.010430555555555544
1 0.46694531250000004 0.39501388888888894 0.006312499999999943 0.010430555555555544
1 0.5867265625 0.5983333333333334 0.03654687499999998 0.08501388888888894
0 0.3976875 0.5814861111111111 0.007671875000000039 0.051333333333333384
3 0.48340625 0.6468472222222222 0.038351562499999936 0.058555555555555514
3 0.4412265625 0.40823611111111113 0.01624218749999997 0.00962499999999993
1 0.44010156250000004 0.3990138888888889 0.011281250000000043 0.010430555555555544
1 0.43874218750000005 0.38899999999999996 0.00857031250000002 0.01122222222222228
0 0.5050625 0.3689444444444444 0.016695312499999913 0.10587500000000002
0 0.4928828125 0.40623611111111113 0.013984375000000071 0.010430555555555544
0 0.612890625 0.7118194444444444 0.05007812499999993 0.09865277777777774