2 0.527671875 0.4921111111111111 0.010382812499999972 0.021749999999999957
2 0.51746875 0.4169583333333333 0.0070468749999999854 0.01516666666666661
2 0.544171875 0.45058333333333334 0.008531250000000056 0.012527777777777752
2 0.5747656250000001 0.36652777777777773 0.0074140625000000075 0.015819444444444424
2 0.5903359375 0.3869722222222222 0.008156250000000042 0.01186111111111106
2 0.62315625 0.35829166666666673 0.0033359374999999856 0.008569444444444388
2 0.6365000000000001 0.4443194444444445 0.004820312500000057 0.01186111111111106
2 0.6122109375 0.4245416666666667 0.004453125000000035 0.009222222222222203
2 0.594046875 0.41530555555555554 0.006671874999999971 0.006597222222222222
2 0.6027578124999999 0.40706944444444443 0.0070468749999999854 0.008569444444444388
2 0.6391015624999999 0.4050972222222222 0.004078125000000021 0.011208333333333403
2 0.63390625 0.38102777777777774 0.004078125000000021 0.00791666666666673
2 0.640578125 0.3830138888888889 0.0070468749999999854 0.010541666666666711
1 0.5117265625 0.561 0.014093749999999971 0.030319444444444503
1 0.4896640625 0.5095833333333333 0.01668749999999992 0.022416666666666647
1 0.5209921875 0.4374027777777778 0.010382812499999972 0.021749999999999957
1 0.577171875 0.4215694444444444 0.007789062500000022 0.011208333333333403
1 0.5818046875 0.3879583333333333 0.008898437500000078 0.012527777777777752
1 0.6368750000000001 0.36225 0.005562499999999915 0.009888888888888895
1 0.6194453125 0.4304722222222222 0.004820312500000057 0.00791666666666673
1 0.6122109375 0.4334444444444444 0.005929687499999936 0.00593055555555553
1 0.6098046874999999 0.37675 0.010749999999999992 0.017805555555555626
1 0.6274140625 0.40608333333333335 0.009640624999999936 0.01186111111111106
0 0.6242656249999999 0.5596805555555556 0.014460937499999993 0.03559722222222222
0 0.6383593750000001 0.5336388888888889 0.011492187500000028 0.02570833333333332
0 0.5295234375 0.40970833333333334 0.017054687499999943 0.012527777777777752
0 0.5484375 0.3559861111111111 0.022250000000000013 0.10283333333333328
0 0.5612265625 0.3741111111111111 0.008531250000000056 0.037569444444444385
0 0.5725390625 0.3813611111111111 0.005187500000000078 0.017805555555555626
0 0.6099921875 0.4420138888888889 0.008156250000000042 0.016486111111111118
0 0.5879296875 0.40641666666666665 0.0033359374999999856 0.008569444444444388
0 0.6096171874999999 0.39816666666666667 0.0037109375 0.01845833333333328
0 0.6261171875 0.417625 0.008531250000000056 0.008569444444444388
1 0.5962734375000001 0.4077361111111111 0.004453125000000035 0.008569444444444388
0 0.6242656249999999 0.3764166666666666 0.011492187500000028 0.0210972222222223
1 0.575875 0.43080555555555555 0.011867187500000043 0.023069444444444462
3 0.5736484374999999 0.44299999999999995 0.017054687499999943 0.014500000000000075