2 0.5054921875 0.5028611111111111 0.01769531250000007 0.03348611111111113
2 0.43755468750000004 0.4648055555555556 0.008562500000000028 0.02233333333333339
2 0.462671875 0.4176111111111111 0.007421875 0.013194444444444444
2 0.47894531249999994 0.3633194444444444 0.01027343750000007 0.01218055555555553
2 0.47865624999999995 0.3739722222222222 0.007421875 0.011166666666666616
2 0.5271796875 0.38361111111111107 0.008562500000000028 0.010152777777777702
2 0.575703125 0.3907222222222222 0.003992187499999922 0.004055555555555499
2 0.5742734375 0.41811111111111116 0.006851562499999986 0.01218055555555553
2 0.5771328125 0.4039027777777778 0.004570312499999929 0.008125000000000032
2 0.6019609375 0.435375 0.006281249999999972 0.006083333333333327
2 0.5034921875 0.41913888888888884 0.0034218750000000854 0.01420833333333336
2 0.5129140624999999 0.4323194444444444 0.005140624999999943 0.008125000000000032
2 0.5277499999999999 0.444 0.008562500000000028 0.005069444444444413
2 0.50834375 0.4592222222222222 0.007421875 0.007097222222222241
2 0.5075703125000001 0.3434027777777778 0.0034765625000000356 0.0057638888888888575
0 0.447703125 0.34422222222222226 0.01528906249999995 0.0642361111111111
0 0.409484375 0.3821111111111111 0.011117187500000014 0.008236111111111041
0 0.43032812500000006 0.38972222222222225 0.0074140625000000075 0.011111111111111112
0 0.4281328125 0.4070138888888889 0.007179687500000043 0.020180555555555518
0 0.45094531250000003 0.42122222222222216 0.005562499999999915 0.012347222222222204
0 0.4237265625 0.4510694444444444 0.0099609375 0.013583333333333296
0 0.41411718750000004 0.514888888888889 0.009265624999999921 0.021819444444444495
0 0.4830234375 0.4745416666666667 0.007179687500000043 0.015236111111111148
0 0.490203125 0.4401666666666667 0.0043984375000000854 0.009888888888888895
0 0.4999296875 0.44922222222222224 0.006718749999999929 0.013180555555555569
0 0.533859375 0.45643055555555556 0.006484374999999964 0.013583333333333296
0 0.525984375 0.4204027777777778 0.004171874999999936 0.010708333333333384
0 0.5426640625 0.3936388888888889 0.004171874999999936 0.009888888888888895
0 0.49135937500000004 0.37737499999999996 0.003937499999999971 0.008652777777777803
0 0.51278125 0.3609027777777778 0.00463281250000005 0.015236111111111148
0 0.5308515625 0.36872222222222223 0.004171874999999936 0.014416666666666661
0 0.5108125 0.34195833333333336 0.003007812499999929 0.007819444444444438
1 0.547296875 0.3709861111111111 0.007874999999999943 0.009888888888888895
1 0.47109375 0.45766666666666667 0.012507812499999993 0.022652777777777702
1 0.45140624999999995 0.4076388888888889 0.007874999999999943 0.013180555555555569
1 0.46009374999999997 0.3841666666666667 0.009031249999999958 0.009888888888888895
1 0.41492968750000003 0.4284305555555556 0.01088281250000005 0.014416666666666661
1 0.417015625 0.5582083333333334 0.04192187500000007 0.0639722222222223
1 0.5286484375 0.49383333333333335 0.012273437500000029 0.0205833333333334
1 0.50965625 0.4308472222222222 0.0034765625000000356 0.009888888888888895
0 0.5190390625 0.42816666666666664 0.006945312500000078 0.012763888888888965
0 0.5317734375 0.39625 0.006023437500000029 0.011527777777777715
0 0.5144062500000001 0.3849305555555555 0.003242187500000071 0.011111111111111112
0 0.5247109375 0.3725833333333333 0.0034765625000000356 0.008652777777777803
1 0.5145234375000001 0.34334722222222225 0.0043984375000000854 0.0102916666666667
1 0.4867265625 0.37216666666666665 0.003007812499999929 0.00699999999999995
1 0.47005468749999996 0.3635138888888889 0.003937499999999971 0.005347222222222254
1 0.5115078125 0.3841111111111111 0.009492187500000072 0.007819444444444438
3 0.5204296875 0.37277777777777776 0.005562499999999915 0.009888888888888895
3 0.55528125 0.4205416666666667 0.008109375000000085 0.00905555555555553
1 0.555515625 0.410875 0.005789062500000064 0.007819444444444438
1 0.5570234375 0.4026388888888889 0.005562499999999915 0.00699999999999995
1 0.5868984375 0.40119444444444446 0.0027812499999999574 0.004111111111111162
0 0.5989453124999999 0.40387500000000004 0.03891406249999996 0.12558333333333327
2 0.49784375000000003 0.3777222222222222 0.004867187500000014 0.00905555555555553
1 0.52146875 0.45719444444444446 0.004867187500000014 0.010708333333333384
3 0.499234375 0.47325 0.011812499999999915 0.01811111111111106
0 0.5485703125 0.5115416666666667 0.010421874999999936 0.036236111111111156
0 0.5868984375 0.5926527777777777 0.02917968749999993 0.06918055555555563
3 0.40265625 0.5018611111111111 0.017835937499999944 0.05229166666666663
1 0.52065625 0.3832777777777778 0.0050937499999999854 0.008652777777777803
2 0.52228125 0.39172222222222225 0.00463281250000005 0.0057638888888888575